0 7.57583
20 87.3366
40 87.3366
60 87.3366
80 87.3366
100 87.3366
120 87.3366
140 87.3366
160 87.3366
180 87.3366
200 87.3366
220 87.3366
240 87.3366
260 87.3366
280 87.3366
300 87.3366
320 87.3366
340 87.3366
360 87.3366
380 87.3366
400 87.3366
420 87.3366
440 87.3366
460 87.3366
480 87.3366
500 87.3366
520 87.3366
540 87.3366
560 87.3366
580 87.3366
600 87.3366
620 87.3366
640 87.3366
660 87.3366
680 87.3366
700 87.3366
720 87.3366
740 87.3366
760 87.3366
780 87.3366
800 87.3366
820 87.3366
840 87.3366
860 87.3366
880 87.3366
900 87.3366
920 87.3366
940 87.3366
960 87.3366
980 87.3366
1000 87.3366
1020 87.3366
1040 87.3366
1060 87.3366
1080 87.3366
1100 87.3366
1120 87.3366
1140 87.3366
1160 87.3366
1180 87.3366
1200 87.3366
1220 87.3366
1240 87.3366
1260 87.3366
1280 87.3366
1300 87.3366
1320 87.3366
1340 87.3366
1360 87.3366
1380 87.3366
1400 87.3366
1420 87.3366
1440 87.3366
1460 87.3366
1480 87.3366
1500 87.3366
1520 87.3366
1540 87.3366
1560 87.3366
1580 87.3366
1600 87.3366
1620 87.3366
1640 87.3366
1660 87.3366
1680 87.3366
1700 87.3366
1720 87.3366
1740 87.3366
1760 87.3366
1780 87.3366
1800 87.3366
1820 87.3366
1840 87.3366
1860 87.3366
1880 87.3366
1900 87.3366
1920 87.3366
1940 87.3366
1960 87.3366
1980 87.3366
