0 7.34966
20 7.15816
40 6.94722
60 6.91001
80 6.91652
100 6.93418
120 6.88769
140 6.87924
160 6.87204
180 6.89575
200 6.88858
220 6.87594
240 6.87653
260 6.88552
280 6.8826
300 6.85925
320 6.84536
340 6.86265
360 6.83393
380 6.82994
400 6.81301
420 6.77025
440 6.79755
460 6.74824
480 6.78091
500 6.73522
520 6.73218
540 6.80472
560 6.75221
580 6.71528
600 6.71081
620 6.76446
640 6.69326
660 6.69938
680 6.67128
700 6.71757
720 6.63627
740 6.6583
760 6.7217
780 6.60625
800 6.66556
820 6.68221
840 6.60485
860 6.53879
880 6.52238
900 6.61898
920 6.56872
940 6.50126
960 6.62355
980 6.56927
1000 6.47975
1020 6.5281
1040 6.5035
1060 6.49709
1080 6.566
1100 6.43501
1120 6.46542
1140 6.40656
1160 6.4595
1180 6.50158
1200 6.5425
1220 6.39512
1240 6.42553
1260 6.32739
1280 6.5064
1300 6.33192
1320 6.37364
1340 6.33616
1360 6.32479
1380 6.22383
1400 6.31042
1420 6.30687
1440 6.21643
1460 6.22491
1480 6.20054
1500 6.30443
1520 6.22961
1540 6.21398
1560 6.1805
1580 6.21274
1600 6.1043
1620 6.10815
1640 6.11433
1660 6.19179
1680 6.13972
1700 6.05544
1720 6.06197
1740 6.06403
1760 6.10096
1780 6.16526
1800 6.25509
1820 6.00672
1840 5.97499
1860 5.91593
1880 5.88278
1900 6.01714
1920 5.88649
1940 5.9822
1960 6.00956
1980 5.89342
2000 5.88685
2020 5.97798
2040 5.8023
2060 5.9016
2080 5.7128
2100 5.73643
2120 5.82538
2140 5.7183
2160 5.71523
2180 5.8051
2200 5.63592
2220 5.6346
2240 5.65554
2260 5.68021
2280 5.57194
2300 5.66484
2320 5.57061
2340 5.53121
2360 5.59437
2380 5.64551
2400 5.5264
2420 5.4246
2440 5.54532
2460 5.5048
2480 5.54602
2500 5.55872
2520 5.35457
2540 5.53489
2560 5.66524
2580 5.38065
2600 5.29892
2620 5.44551
2640 5.38078
2660 5.39512
2680 5.34916
2700 5.40282
2720 5.49007
2740 5.36051
2760 5.27053
2780 5.37592
2800 5.28051
2820 5.20832
2840 5.38823
2860 5.30194
2880 5.39153
2900 5.24147
2920 5.29873
2940 5.21949
2960 5.20542
2980 5.25554
