0 7.46261
20 7.08539
40 6.98005
60 6.89098
80 6.92803
100 6.89552
120 6.89202
140 6.89877
160 6.87189
180 6.90041
200 6.88397
220 6.86217
240 6.86704
260 6.87244
280 6.87126
300 6.85649
320 6.84097
340 6.84942
360 6.85045
380 6.81063
400 6.81671
420 6.77918
440 6.82531
460 6.74526
480 6.77663
500 6.75139
520 6.72899
540 6.8034
560 6.75318
580 6.73249
600 6.71641
620 6.77772
640 6.71439
660 6.72531
680 6.68224
700 6.73783
720 6.66496
740 6.72389
760 6.64602
780 6.62425
800 6.68062
820 6.68737
840 6.60879
860 6.58333
880 6.63306
900 6.61679
920 6.60302
940 6.59322
960 6.56549
980 6.62782
