0 7.49612
20 7.07741
40 6.94085
60 6.8656
80 6.92061
100 6.91325
120 6.86317
140 6.89778
160 6.88423
180 6.89587
200 6.87734
220 6.86614
240 6.86364
260 6.87364
280 6.88824
300 6.85075
320 6.87308
340 6.88592
360 6.87069
380 6.84956
400 6.8267
420 6.83283
440 6.82587
460 6.81414
480 6.78392
500 6.77293
520 6.75199
540 6.80724
560 6.78528
580 6.77663
600 6.74735
620 6.77792
640 6.71816
660 6.72372
680 6.70433
700 6.73604
720 6.66404
740 6.74694
760 6.7225
780 6.66109
800 6.67807
820 6.71086
840 6.70715
860 6.66953
880 6.57657
900 6.71964
920 6.67053
940 6.61795
960 6.60738
980 6.67426
1000 6.60839
1020 6.5687
1040 6.51132
1060 6.61517
1080 6.67777
1100 6.59047
1120 6.70558
1140 6.41565
1160 6.59262
1180 6.62296
1200 6.60429
1220 6.54147
1240 6.53753
1260 6.32164
1280 6.57628
1300 6.44677
1320 6.46885
1340 6.40426
1360 6.41057
1380 6.36073
1400 6.44878
1420 6.37769
1440 6.27738
1460 6.31677
1480 6.33413
1500 6.38821
1520 6.3281
1540 6.24831
1560 6.20879
1580 6.30334
1600 6.2096
1620 6.21029
1640 6.13884
1660 6.25982
1680 6.15128
1700 6.1115
1720 6.15585
1740 6.11372
1760 6.0774
1780 6.09299
1800 6.12179
1820 5.98761
1840 6.05873
1860 5.99975
1880 5.90981
1900 6.07404
1920 5.99717
1940 5.97666
1960 5.90062
1980 6.00556
2000 5.94068
2020 5.99508
2040 5.85825
2060 5.92807
2080 5.69682
2100 5.7975
2120 5.80812
2140 5.89012
2160 5.7525
2180 5.72201
2200 5.75319
2220 5.61361
2240 5.72804
2260 5.8485
2280 5.65449
2300 5.75342
2320 5.54586
2340 5.60678
2360 5.69604
2380 5.6249
2400 5.54515
2420 5.40943
2440 5.68456
2460 5.47006
2480 5.75218
2500 5.59692
2520 5.32929
2540 5.51601
2560 5.68789
2580 5.41836
2600 5.40533
2620 5.42508
2640 5.39307
2660 5.56541
2680 5.37188
2700 5.3351
2720 5.44067
2740 5.4687
2760 5.27711
2780 5.30331
2800 5.31525
2820 5.33517
2840 5.31056
2860 5.3315
2880 5.4209
2900 5.18686
2920 5.40499
2940 5.17591
2960 5.20095
2980 5.27492
3000 5.27719
3020 5.22121
3040 5.16489
3060 5.20494
3080 5.31921
3100 5.33288
3120 5.16664
3140 5.30711
3160 5.27509
3180 5.08475
3200 4.97173
3220 5.22068
3240 5.20498
3260 5.3237
3280 5.06181
3300 5.20733
3320 5.28404
3340 5.02177
3360 5.18995
3380 5.10769
3400 5.00473
3420 4.97733
3440 4.90553
3460 5.12712
3480 5.00124
3500 4.89658
3520 5.03046
3540 4.90516
3560 4.89947
3580 4.94862
3600 5.03354
3620 4.85145
3640 4.8112
3660 4.67442
3680 4.78524
3700 5.03554
3720 4.81901
3740 4.97023
3760 4.71291
3780 4.85303
3800 4.87473
3820 4.74581
3840 4.76453
3860 4.72794
3880 4.9895
3900 4.86661
3920 4.83817
3940 4.68611
3960 4.91337
3980 4.81674
