0 7.50943
20 6.93273
40 6.90087
60 6.87891
80 6.90781
100 6.90658
120 6.90052
140 6.8931
160 6.88637
180 6.89538
200 6.88443
220 6.87893
240 6.87755
260 6.87426
280 6.88015
300 6.87484
320 6.87027
340 6.87836
360 6.87858
380 6.86675
400 6.86816
420 6.86683
440 6.86717
460 6.86276
480 6.85783
500 6.86035
520 6.86999
540 6.87221
560 6.86768
580 6.86274
600 6.86124
620 6.87338
640 6.85588
660 6.85451
680 6.84989
700 6.85861
720 6.85332
740 6.85952
760 6.84798
780 6.8511
800 6.86412
820 6.86244
840 6.83979
860 6.84605
880 6.83646
900 6.84848
920 6.85845
940 6.85224
960 6.84057
980 6.85364
1000 6.84911
1020 6.85111
1040 6.84999
1060 6.85204
1080 6.85255
1100 6.83346
1120 6.83389
1140 6.82188
1160 6.83824
1180 6.88136
1200 6.84335
1220 6.83696
1240 6.85253
1260 6.83303
1280 6.84852
1300 6.83829
1320 6.84433
1340 6.86189
1360 6.8513
1380 6.83374
1400 6.83987
1420 6.83607
1440 6.8417
1460 6.83265
1480 6.84979
1500 6.84218
1520 6.864
1540 6.84068
1560 6.85571
1580 6.84738
1600 6.84403
1620 6.84872
1640 6.84697
1660 6.83387
1680 6.84017
1700 6.83885
1720 6.86126
1740 6.84806
1760 6.83689
1780 6.84396
1800 6.83799
1820 6.84336
1840 6.83036
1860 6.8229
1880 6.82467
1900 6.8483
1920 6.8212
1940 6.81944
1960 6.83189
1980 6.84876
2000 6.83739
2020 6.84529
2040 6.83873
2060 6.85213
2080 6.81846
2100 6.832
2120 6.84373
2140 6.85953
2160 6.84338
2180 6.84513
2200 6.84407
2220 6.84731
2240 6.82888
2260 6.84022
2280 6.82381
2300 6.82758
2320 6.8301
2340 6.83225
2360 6.8547
2380 6.85445
2400 6.87726
2420 6.83458
2440 6.84847
2460 6.82733
2480 6.83805
2500 6.83656
2520 6.81357
2540 6.84487
2560 6.86026
2580 6.83068
2600 6.84261
2620 6.84965
2640 6.82382
2660 6.83909
2680 6.84539
2700 6.82687
2720 6.84074
2740 6.8286
2760 6.8285
2780 6.83428
2800 6.83778
2820 6.8173
2840 6.81455
2860 6.81264
2880 6.83284
2900 6.83426
2920 6.84386
2940 6.82473
2960 6.831
2980 6.8108
3000 6.82157
3020 6.85497
3040 6.84315
3060 6.84933
3080 6.82829
3100 6.86201
3120 6.84161
3140 6.85892
3160 6.84154
3180 6.82203
3200 6.82864
3220 6.84555
3240 6.85047
3260 6.85743
3280 6.81799
3300 6.82234
3320 6.85178
3340 6.84104
3360 6.83439
3380 6.8282
3400 6.83333
3420 6.84584
3440 6.83711
3460 6.80885
3480 6.80976
