0 7.46059
20 7.05968
40 6.97537
60 6.86944
80 6.91356
100 6.88994
120 6.90348
140 6.89685
160 6.87042
180 6.90014
200 6.85956
220 6.86421
240 6.87315
260 6.86509
280 6.89209
300 6.86087
320 6.84559
340 6.86483
360 6.86982
380 6.86387
400 6.83957
420 6.81221
440 6.8199
460 6.76234
480 6.75882
500 6.74477
520 6.76364
540 6.81974
560 6.77608
580 6.75786
600 6.71586
620 6.77884
640 6.71702
660 6.71101
680 6.73673
700 6.75123
720 6.69134
740 6.72941
760 6.72169
780 6.6454
800 6.70838
820 6.69833
840 6.61925
860 6.55931
880 6.61475
900 6.65014
920 6.63813
940 6.58338
960 6.57549
980 6.67454
1000 6.57384
1020 6.57869
1040 6.55516
1060 6.48303
1080 6.60641
1100 6.51916
1120 6.54041
1140 6.4343
1160 6.53977
1180 6.5062
1200 6.52395
1220 6.43209
1240 6.44836
1260 6.35109
1280 6.58672
1300 6.36147
1320 6.36912
1340 6.38506
1360 6.3599
1380 6.25229
1400 6.32242
1420 6.35806
1440 6.23103
1460 6.29368
1480 6.28225
1500 6.27422
1520 6.30797
1540 6.27781
1560 6.12327
1580 6.23707
1600 6.12215
1620 6.20978
1640 6.06456
1660 6.2052
1680 6.1588
1700 5.99116
1720 5.99992
1740 6.12785
1760 6.02955
1780 5.97798
1800 6.09614
1820 5.91368
1840 6.02214
1860 5.92938
1880 5.88519
1900 5.96961
1920 5.98478
1940 5.94767
1960 5.89569
1980 5.89628
2000 5.87626
2020 5.88941
2040 5.8377
2060 5.92984
2080 5.66362
2100 5.77919
2120 5.85288
2140 5.80934
2160 5.7822
2180 5.69345
2200 5.69034
2220 5.6104
2240 5.55016
2260 5.71685
2280 5.46958
2300 5.69402
2320 5.47518
2340 5.52176
2360 5.66268
2380 5.57537
2400 5.45552
2420 5.34273
2440 5.53968
2460 5.44321
2480 5.61289
2500 5.52085
2520 5.17757
2540 5.55358
2560 5.66231
2580 5.36938
2600 5.39114
2620 5.42177
2640 5.31958
2660 5.34062
2680 5.30322
2700 5.31129
2720 5.37786
2740 5.30779
2760 5.25583
2780 5.28914
2800 5.11275
2820 5.33201
2840 5.29525
2860 5.3409
2880 5.31201
2900 5.24946
2920 5.29182
2940 5.17439
2960 5.10795
2980 5.36211
