0 7.37607
20 7.1281
40 6.92635
60 6.87966
80 6.92678
100 6.92698
120 6.92726
140 6.87374
160 6.88438
180 6.88928
200 6.86059
220 6.87485
240 6.8651
260 6.85425
280 6.89312
300 6.8571
320 6.84691
340 6.89744
360 6.87975
380 6.86665
400 6.85974
420 6.85617
440 6.84361
460 6.83874
480 6.83934
500 6.83023
520 6.84499
540 6.83286
560 6.77469
580 6.85484
600 6.75184
620 6.84206
640 6.73425
660 6.74163
680 6.71461
700 6.79507
720 6.72169
740 6.77852
760 6.74403
780 6.72717
800 6.75113
820 6.73053
840 6.71033
860 6.67184
880 6.68296
900 6.65838
920 6.68504
940 6.69008
960 6.65048
980 6.63044
1000 6.54201
1020 6.60882
1040 6.63847
1060 6.56456
1080 6.65258
1100 6.57025
1120 6.54824
1140 6.44868
1160 6.56289
1180 6.54953
1200 6.52799
1220 6.41649
1240 6.38225
1260 6.34049
1280 6.50572
1300 6.30874
1320 6.36996
1340 6.3466
1360 6.3606
1380 6.29261
1400 6.38939
1420 6.29645
1440 6.25635
1460 6.32069
1480 6.31016
1500 6.30769
1520 6.29031
1540 6.26678
1560 6.23199
1580 6.30761
1600 6.1111
1620 6.20476
1640 6.06764
1660 6.14902
1680 6.13973
1700 6.04011
1720 6.07833
1740 6.069
1760 5.94941
1780 6.01433
1800 6.04366
1820 6.02254
1840 5.93271
1860 5.93357
1880 5.90395
1900 5.9378
1920 5.90236
1940 5.97252
1960 5.85369
1980 5.90698
2000 5.92282
2020 5.93315
2040 5.87164
2060 5.82742
2080 5.87527
2100 5.76115
2120 5.8275
2140 5.77875
2160 5.72129
2180 5.76877
2200 5.59161
2220 5.59875
2240 5.73565
2260 5.72546
2280 5.50188
2300 5.6948
2320 5.57774
2340 5.48502
2360 5.71593
2380 5.5563
2400 5.47382
2420 5.48172
2440 5.57147
2460 5.51303
2480 5.64892
2500 5.57115
2520 5.33265
2540 5.49542
2560 5.70279
2580 5.41465
2600 5.40752
2620 5.4263
2640 5.42458
2660 5.32381
2680 5.36448
2700 5.29183
2720 5.31124
2740 5.37756
2760 5.2511
2780 5.34277
2800 5.16444
2820 5.29942
2840 5.32697
2860 5.2674
2880 5.42824
2900 5.17565
2920 5.39653
2940 5.22854
2960 5.16394
2980 5.34128
3000 5.25441
3020 5.20291
3040 5.07358
3060 5.31035
3080 5.22341
3100 5.1685
3120 5.19389
3140 5.4595
3160 5.27499
3180 5.18322
3200 4.98687
3220 5.14532
3240 5.21499
3260 5.23259
3280 5.12515
3300 5.07202
3320 5.20611
3340 4.95837
3360 5.23423
3380 5.10593
3400 4.85975
3420 5.00531
3440 4.92157
3460 5.04207
3480 5.09976
