0 7.47207
20 6.90305
40 6.90521
60 6.90011
80 6.90479
100 6.89866
120 6.89819
140 6.88795
160 6.88482
180 6.88839
200 6.88434
220 6.87669
240 6.87753
260 6.87381
280 6.88004
300 6.87412
320 6.87012
340 6.87877
360 6.87929
380 6.86678
400 6.86838
420 6.86612
440 6.86712
460 6.86273
480 6.85764
500 6.86037
520 6.86989
540 6.87201
560 6.86744
580 6.86251
600 6.86115
620 6.87319
640 6.85564
660 6.85448
680 6.84946
700 6.85842
720 6.85326
740 6.85953
760 6.84767
780 6.85127
800 6.864
820 6.86238
840 6.83951
860 6.84608
880 6.83635
900 6.84832
920 6.85844
940 6.8521
960 6.84055
980 6.85395
1000 6.85078
1020 6.85104
1040 6.8498
1060 6.85377
1080 6.85131
1100 6.83351
1120 6.83185
1140 6.82147
1160 6.83843
1180 6.87995
1200 6.84269
1220 6.83806
1240 6.86357
1260 6.82583
1280 6.83276
1300 6.81706
1320 6.78611
1340 6.8359
1360 6.8348
1380 6.76814
1400 6.82538
1420 6.81159
1440 6.78261
1460 6.83267
1480 6.84984
1500 6.84897
1520 6.86246
1540 6.83934
1560 6.85796
1580 6.85001
1600 6.84692
1620 6.84987
1640 6.84981
1660 6.82667
1680 6.84102
1700 6.83441
1720 6.85932
1740 6.84982
1760 6.84594
1780 6.83713
1800 6.84251
1820 6.84173
1840 6.82893
1860 6.82662
1880 6.82266
1900 6.84395
1920 6.82102
1940 6.81889
1960 6.83259
1980 6.8465
2000 6.83765
2020 6.84431
2040 6.84019
2060 6.85668
2080 6.82018
2100 6.83282
2120 6.84314
2140 6.85862
2160 6.8435
2180 6.84672
2200 6.8433
2220 6.84638
2240 6.82937
2260 6.84133
2280 6.82269
2300 6.82981
2320 6.83043
2340 6.8309
2360 6.8502
2380 6.85515
2400 6.86819
2420 6.83571
2440 6.84793
2460 6.8277
2480 6.84163
2500 6.83691
2520 6.81406
2540 6.84034
2560 6.85228
2580 6.82835
2600 6.83875
2620 6.84618
2640 6.82431
2660 6.83859
2680 6.84667
2700 6.82726
2720 6.84063
2740 6.82843
2760 6.82807
2780 6.83282
2800 6.83865
2820 6.81711
2840 6.81717
2860 6.81111
2880 6.83141
2900 6.83679
2920 6.83861
2940 6.82439
2960 6.83155
2980 6.81078
