0 7.42072
20 6.90723
40 6.90836
60 6.88518
80 6.90527
100 6.89346
120 6.90738
140 6.88643
160 6.88461
180 6.88529
200 6.8879
220 6.87116
240 6.88639
260 6.87377
280 6.88408
300 6.85813
320 6.84099
340 6.85248
360 6.85822
380 6.84612
400 6.84682
420 6.85606
440 6.81719
460 6.80782
480 6.83236
500 6.84334
520 6.81276
540 6.82942
560 6.84564
580 6.81816
600 6.78442
620 6.82112
640 6.78791
660 6.78477
680 6.76834
700 6.77489
720 6.74594
740 6.7969
760 6.76773
780 6.78061
800 6.80067
820 6.80675
840 6.78693
860 6.69969
880 6.72105
900 6.77803
920 6.77045
940 6.8495
960 6.77981
980 6.83438
1000 6.84673
1020 6.85424
1040 6.86292
1060 6.86666
1080 6.8553
1100 6.84094
1120 6.83884
1140 6.82485
1160 6.84428
1180 6.88477
1200 6.84668
1220 6.84359
1240 6.85943
1260 6.84021
1280 6.85926
1300 6.839
1320 6.849
1340 6.85777
1360 6.86143
1380 6.84224
1400 6.83974
1420 6.84364
1440 6.84839
1460 6.84062
1480 6.85501
1500 6.84736
1520 6.86313
1540 6.83943
1560 6.8585
1580 6.85198
1600 6.84808
1620 6.85035
1640 6.85276
1660 6.8347
1680 6.84137
1700 6.83481
1720 6.85914
1740 6.85036
1760 6.84718
1780 6.83835
1800 6.8423
1820 6.84273
1840 6.82987
1860 6.8283
1880 6.82368
1900 6.84451
1920 6.82188
1940 6.8182
1960 6.83413
1980 6.84707
2000 6.83668
2020 6.84509
2040 6.84114
2060 6.85436
2080 6.82132
2100 6.83436
2120 6.84369
2140 6.85847
2160 6.84372
2180 6.84714
2200 6.84427
2220 6.84713
2240 6.82959
2260 6.84329
2280 6.82357
2300 6.82869
2320 6.83119
2340 6.83151
2360 6.85015
2380 6.85568
2400 6.86775
2420 6.8359
2440 6.84812
2460 6.82783
2480 6.84192
2500 6.83728
2520 6.81474
2540 6.84052
2560 6.85193
2580 6.82832
2600 6.8389
2620 6.84696
2640 6.82409
2660 6.8388
2680 6.84898
2700 6.82743
2720 6.84218
2740 6.82051
2760 6.97813
2780 6.82398
2800 6.83699
2820 6.82365
2840 6.80074
2860 6.80071
2880 6.83183
2900 6.75945
2920 6.84104
2940 6.82359
2960 6.86789
2980 6.81689
