0 7.34774
20 6.9123
40 6.90794
60 87.3365
80 87.3365
100 87.3365
120 87.3365
140 87.3365
160 87.3365
180 87.3365
200 87.3365
220 87.3365
240 87.3365
260 87.3365
280 87.3365
300 87.3365
320 87.3365
340 87.3365
360 87.3365
380 87.3365
400 87.3365
420 87.3365
440 87.3365
460 87.3365
480 87.3365
500 87.3365
520 87.3365
540 87.3365
560 87.3365
580 87.3365
600 87.3365
620 87.3365
640 87.3365
660 87.3365
680 87.3365
700 87.3365
720 87.3365
740 87.3365
760 87.3365
780 87.3365
800 87.3365
820 87.3365
840 87.3365
860 87.3365
880 87.3365
900 87.3365
920 87.3365
940 87.3365
960 87.3365
980 87.3365
1000 87.3365
1020 87.3365
1040 87.3365
1060 87.3365
1080 87.3365
1100 87.3365
1120 87.3365
1140 87.3365
1160 87.3365
1180 87.3365
1200 87.3365
1220 87.3365
1240 87.3365
1260 87.3365
1280 87.3365
1300 87.3365
1320 87.3365
1340 87.3365
1360 87.3365
1380 87.3365
1400 87.3365
1420 87.3365
1440 87.3365
1460 87.3365
1480 87.3365
1500 87.3365
1520 87.3365
1540 87.3365
1560 87.3365
1580 87.3365
1600 87.3365
1620 87.3365
1640 87.3365
1660 87.3365
1680 87.3365
1700 87.3365
1720 87.3365
1740 87.3365
1760 87.3365
1780 87.3365
1800 87.3365
1820 87.3365
1840 87.3365
1860 87.3365
1880 87.3365
1900 87.3365
1920 87.3365
1940 87.3365
1960 87.3365
1980 87.3365
2000 87.3365
2020 87.3365
2040 87.3365
2060 87.3365
2080 87.3365
2100 87.3365
2120 87.3365
2140 87.3365
2160 87.3365
2180 87.3365
2200 87.3365
2220 87.3365
2240 87.3365
2260 87.3365
2280 87.3365
2300 87.3365
2320 87.3365
2340 87.3365
2360 87.3365
2380 87.3365
2400 87.3365
2420 87.3365
2440 87.3365
2460 87.3365
2480 87.3365
2500 87.3365
2520 87.3365
2540 87.3365
2560 87.3365
2580 87.3365
2600 87.3365
2620 87.3365
2640 87.3365
2660 87.3365
2680 87.3365
2700 87.3365
2720 87.3365
2740 87.3365
2760 87.3365
2780 87.3365
2800 87.3365
2820 87.3365
2840 87.3365
2860 87.3365
2880 87.3365
2900 87.3365
2920 87.3365
2940 87.3365
2960 87.3365
2980 87.3365
3000 87.3365
3020 87.3365
3040 87.3365
3060 87.3365
3080 87.3365
3100 87.3365
3120 87.3365
3140 87.3365
3160 87.3365
3180 87.3365
3200 87.3365
3220 87.3365
3240 87.3365
3260 87.3365
3280 87.3365
3300 87.3365
3320 87.3365
3340 87.3365
3360 87.3365
3380 87.3365
3400 87.3365
3420 87.3365
3440 87.3365
3460 87.3365
3480 87.3365
3500 87.3365
3520 87.3365
3540 87.3365
3560 87.3365
3580 87.3365
3600 87.3365
3620 87.3365
3640 87.3365
3660 87.3365
3680 87.3365
3700 87.3365
3720 87.3365
3740 87.3365
3760 87.3365
3780 87.3365
3800 87.3365
3820 87.3365
3840 87.3365
3860 87.3365
3880 87.3365
3900 87.3365
3920 87.3365
3940 87.3365
3960 87.3365
3980 87.3365
