0 7.40845
20 7.07879
40 6.95947
60 6.87613
80 6.89533
100 6.87907
120 6.87922
140 6.8771
160 6.89044
180 6.90797
200 6.88515
220 6.86717
240 6.87535
260 6.8677
280 6.89751
300 6.84986
320 6.86049
340 6.87243
360 6.86626
380 6.81495
400 6.82807
420 6.77511
440 6.81542
460 6.77491
480 6.77539
500 6.74117
520 6.74955
540 6.78255
560 6.76002
580 6.72896
600 6.70058
620 6.79092
640 6.70151
660 6.7173
680 6.68197
700 6.72874
720 6.70026
740 6.70616
760 6.72404
780 6.62964
800 6.6922
820 6.71805
840 6.65859
860 6.57358
880 6.63133
900 6.65862
920 6.69069
940 6.60271
960 6.55639
980 6.61817
1000 6.53954
1020 6.51009
1040 6.47139
1060 6.534
1080 6.65013
1100 6.46402
1120 6.53281
1140 6.45791
1160 6.53647
1180 6.45403
1200 6.57871
1220 6.41605
1240 6.41172
1260 6.30337
1280 6.52483
1300 6.34873
1320 6.39604
1340 6.41863
1360 6.39248
1380 6.29601
1400 6.34677
1420 6.28127
1440 6.16089
1460 6.30034
1480 6.33078
1500 6.42963
1520 6.31475
1540 6.19212
1560 6.19104
1580 6.32795
1600 6.14259
1620 6.1923
1640 6.17979
1660 6.19567
1680 6.12177
1700 6.09033
1720 6.10578
1740 6.02435
1760 5.98093
1780 6.04987
1800 6.14888
1820 6.00854
1840 5.91934
1860 6.03198
1880 5.88014
1900 6.0882
1920 5.90407
1940 5.98257
1960 5.95517
1980 5.96324
2000 5.89405
2020 5.94311
2040 5.85539
2060 5.95536
2080 5.89449
2100 5.90297
2120 5.90118
2140 5.82915
2160 5.84224
2180 5.71368
2200 5.67201
2220 5.76212
2240 5.72713
2260 5.83268
2280 5.45377
2300 5.61837
2320 5.52271
2340 5.62137
2360 5.58965
2380 5.70886
2400 5.60361
2420 5.44565
2440 5.53921
2460 5.53156
2480 5.61796
2500 5.56977
2520 5.31986
2540 5.49368
2560 5.68509
2580 5.41234
2600 5.29557
2620 5.48309
2640 5.4119
2660 5.5903
2680 5.45973
2700 5.2896
2720 5.46542
2740 5.37865
2760 5.32139
2780 5.32128
2800 5.26543
2820 5.26721
2840 5.36715
2860 5.35947
2880 5.37805
2900 5.29133
2920 5.29135
2940 5.23047
2960 5.19906
2980 5.33871
3000 5.18026
3020 5.27124
3040 5.1542
3060 5.25508
3080 5.21752
3100 5.24783
3120 5.20801
3140 5.18984
3160 5.2355
3180 5.02859
3200 5.04359
3220 5.1274
3240 5.22509
3260 5.19769
3280 5.06387
3300 5.14132
3320 5.13129
3340 4.88971
3360 5.21188
3380 5.10373
3400 4.90131
3420 4.98217
3440 4.8839
3460 4.93092
3480 5.0237
3500 4.95955
3520 5.0575
3540 4.97689
3560 5.02852
3580 4.89964
3600 5.03428
3620 4.8792
3640 4.80677
3660 4.76692
3680 4.92747
3700 5.03918
3720 4.88215
3740 5.04953
3760 4.74014
3780 5.08361
3800 4.85287
3820 4.8744
3840 4.72838
3860 4.80113
3880 4.9226
3900 4.97383
3920 4.7593
3940 4.77906
3960 4.79921
3980 4.81604
4000 4.87128
4020 4.8249
4040 4.59981
4060 4.69265
4080 4.65504
4100 4.84171
4120 4.71238
4140 4.56235
4160 4.635
4180 4.76094
4200 4.73041
4220 4.74905
4240 4.62976
4260 4.63554
4280 4.61717
4300 4.71025
4320 4.72828
4340 4.70656
4360 4.63658
4380 4.63638
4400 4.53039
4420 4.87411
4440 4.49991
4460 4.5701
4480 4.47574
