0 7.31248
20 7.14064
40 6.94393
60 6.91868
80 6.91908
100 6.8963
120 6.90786
140 6.89065
160 6.87109
180 6.87125
200 6.89442
220 6.86726
240 6.86908
260 6.85245
280 6.87758
300 6.85549
320 6.85375
340 6.88585
360 6.85463
380 6.82569
400 6.80173
420 6.79042
440 6.77788
460 6.76593
480 6.74001
500 6.78068
520 6.74044
540 6.77512
560 6.77257
580 6.72307
600 6.73844
620 6.76684
640 6.67408
660 6.69419
680 6.69081
700 6.73041
720 6.68862
740 6.68421
760 6.69061
780 6.59329
800 6.65434
820 6.66151
840 6.62267
860 6.5546
880 6.56493
900 6.68037
920 6.54012
940 6.54072
960 6.58047
980 6.71314
1000 6.52566
1020 6.50994
1040 6.52539
1060 6.52649
1080 6.53853
1100 6.49815
1120 6.48324
1140 6.39897
1160 6.5513
1180 6.52666
1200 6.47739
1220 6.39398
1240 6.49387
1260 6.36396
1280 6.51284
1300 6.29892
1320 6.37718
1340 6.38285
1360 6.34505
1380 6.23311
1400 6.30541
1420 6.29166
1440 6.23344
1460 6.24403
1480 6.21601
1500 6.30103
1520 6.29104
1540 6.25404
1560 6.20041
1580 6.25747
1600 6.07381
1620 6.23216
1640 6.04502
1660 6.2079
1680 6.10664
1700 6.01276
1720 6.08874
1740 6.09593
1760 6.06578
1780 6.04206
1800 6.2704
1820 6.06191
1840 5.95831
1860 5.97084
1880 5.87346
1900 6.05172
1920 5.94345
1940 6.04251
1960 5.89421
1980 5.94082
2000 5.91425
2020 5.96984
2040 5.72603
2060 5.96256
2080 5.68597
2100 5.69923
2120 5.82679
2140 5.74336
2160 5.7891
2180 5.64864
2200 5.62987
2220 5.65333
2240 5.56219
2260 5.73553
2280 5.47458
2300 5.6436
2320 5.45186
2340 5.55888
2360 5.78287
2380 5.70187
2400 5.44622
2420 5.38506
2440 5.59167
2460 5.4089
2480 5.70017
2500 5.59026
2520 5.33845
2540 5.5459
2560 5.6044
2580 5.40509
2600 5.36118
2620 5.434
2640 5.24552
2660 5.36422
2680 5.28893
2700 5.23685
2720 5.36612
2740 5.30854
2760 5.35664
2780 5.28504
2800 5.25753
2820 5.21774
2840 5.27168
2860 5.29696
2880 5.33853
2900 5.24785
2920 5.36909
2940 5.17605
2960 5.17629
2980 5.32905
3000 5.15141
3020 5.12992
3040 5.20485
3060 5.36661
3080 5.21657
3100 5.29313
3120 5.13019
3140 5.20455
3160 5.21848
3180 5.01308
3200 4.96487
3220 5.16616
3240 5.31439
3260 5.18363
3280 4.9472
3300 5.08193
3320 5.18196
3340 4.97856
3360 5.13982
3380 5.15841
3400 4.99669
3420 5.10826
3440 4.84368
3460 5.03474
3480 5.08734
3500 4.99374
3520 5.03676
3540 5.03172
3560 4.95255
3580 4.9547
3600 4.9725
3620 4.89714
3640 4.7709
3660 4.61979
3680 4.76666
3700 5.04737
3720 4.77645
3740 4.98506
3760 4.8207
3780 4.97918
3800 4.86597
3820 5.08982
3840 4.75172
3860 4.83119
3880 4.90559
3900 4.89738
3920 4.77821
3940 4.7676
3960 4.86995
3980 4.77457
4000 4.88092
4020 4.82002
4040 4.63354
4060 4.71059
4080 4.65735
4100 4.83788
4120 4.70313
4140 4.5428
4160 4.67652
4180 4.83941
4200 4.81659
4220 4.85748
4240 4.59073
4260 4.67947
4280 4.51013
4300 4.62039
4320 4.87158
4340 4.71619
4360 4.70416
4380 4.57327
4400 4.40745
4420 4.89811
4440 4.49149
4460 4.54274
4480 4.46368
4500 4.44343
4520 4.62996
4540 4.83799
4560 4.738
4580 4.70872
4600 4.7025
4620 4.6501
4640 4.71094
4660 4.59977
4680 4.78003
4700 4.55437
4720 4.63589
4740 4.38365
4760 4.52754
4780 4.64835
4800 4.49448
4820 4.36572
4840 4.46993
4860 4.47032
4880 4.65928
4900 4.6262
4920 4.35387
4940 4.30302
4960 4.39289
4980 4.59757
5000 4.54606
5020 4.51489
5040 4.41984
5060 4.51832
5080 4.33556
5100 4.35469
5120 4.60277
5140 4.50336
5160 4.4376
5180 4.75005
5200 4.5245
5220 4.46361
5240 4.46665
5260 4.28904
5280 4.25559
5300 4.52815
5320 4.48547
5340 4.52312
5360 4.41973
5380 4.25648
5400 4.26093
5420 4.49511
5440 4.54085
5460 4.27966
5480 4.20864
5500 4.4935
5520 4.40298
5540 4.27201
5560 4.47659
5580 4.30452
5600 4.34654
5620 4.21115
5640 4.34922
5660 4.41275
5680 4.40551
5700 4.19668
5720 4.30762
5740 4.30687
5760 4.313
5780 4.60583
5800 4.29154
5820 4.26945
5840 4.49146
5860 4.37188
5880 4.14817
5900 4.31957
5920 4.21799
5940 4.28781
5960 4.48957
5980 4.14377
