0 7.3918
20 6.91358
40 6.90644
60 6.88687
80 6.90118
100 6.89864
120 6.89728
140 6.89209
160 6.88977
180 6.88927
200 6.88471
220 6.87843
240 6.87765
260 6.87327
280 6.87937
300 6.87396
320 6.86982
340 6.87807
360 6.87875
380 6.86767
400 6.86797
420 6.86637
440 6.86722
460 6.86272
480 6.85749
500 6.86027
520 6.86987
540 6.87225
560 6.86733
580 6.86262
600 6.86108
620 6.87324
640 6.85575
660 6.85429
680 6.85088
700 6.85826
720 6.84372
740 6.85946
760 6.84762
780 6.85019
800 6.86294
820 6.85826
840 6.83983
860 6.84376
880 6.83575
900 6.85392
920 6.8584
940 6.85252
960 6.83967
980 6.85365
1000 6.84897
1020 6.85494
1040 6.85028
1060 6.85241
1080 6.85343
1100 6.83464
1120 6.83589
1140 6.82201
1160 6.83832
1180 6.88091
1200 6.84368
1220 6.83729
1240 6.8583
1260 6.8324
1280 6.84986
1300 6.83086
1320 6.80026
1340 6.86565
1360 6.79573
1380 6.78596
1400 6.79642
1420 6.79272
1440 6.78123
1460 6.73103
1480 6.79587
1500 6.75443
1520 6.8184
1540 6.7988
1560 6.77018
1580 6.77868
1600 6.72672
1620 6.76762
1640 6.76686
1660 6.75719
1680 6.75377
1700 6.78315
1720 6.79312
1740 6.81333
1760 6.71345
1780 6.78866
1800 6.79234
1820 6.735
1840 6.73122
1860 6.74626
1880 6.75269
1900 6.76061
1920 6.91679
1940 6.7722
1960 6.7366
1980 6.7909
2000 6.84679
2020 6.85897
2040 6.8537
2060 6.87163
2080 6.8252
2100 6.84865
2120 6.8458
2140 6.85726
2160 6.85094
2180 6.85647
2200 6.83717
2220 6.84525
2240 6.83412
2260 6.84407
2280 6.82368
2300 6.82552
2320 6.83553
2340 6.83836
2360 6.85699
2380 6.86172
2400 6.86666
2420 6.84359
2440 6.84337
2460 6.82965
2480 6.84562
2500 6.84002
2520 6.81754
2540 6.84247
2560 6.84955
2580 6.82978
2600 6.84166
2620 6.84625
2640 6.82839
2660 6.8367
2680 6.84753
2700 6.82778
2720 6.83915
2740 6.83178
2760 6.83109
2780 6.83339
2800 6.83903
2820 6.81696
2840 6.81893
2860 6.81532
2880 6.8327
2900 6.83863
2920 6.84442
2940 6.8245
2960 6.83324
2980 6.81204
3000 6.82494
3020 6.85556
3040 6.84446
3060 6.84771
3080 6.82406
3100 6.86245
3120 6.8411
3140 6.85931
3160 6.84109
3180 6.82311
3200 6.82798
3220 6.84775
3240 6.84633
3260 6.85647
3280 6.8175
3300 6.82302
3320 6.85177
3340 6.83708
3360 6.83123
3380 6.82864
3400 6.83258
3420 6.8376
3440 6.83433
3460 6.80801
3480 6.80962
3500 6.8658
3520 6.85563
3540 6.83508
3560 6.84087
3580 6.8319
3600 6.86065
3620 6.84098
3640 6.83199
3660 87.3365
3680 87.3365
3700 87.3365
3720 87.3365
3740 87.3365
3760 87.3365
3780 87.3365
3800 87.3365
3820 87.3365
3840 87.3365
3860 87.3365
3880 87.3365
3900 87.3365
3920 87.3365
3940 87.3365
3960 87.3365
3980 87.3365
4000 87.3365
4020 87.3365
4040 87.3365
4060 87.3365
4080 87.3365
4100 87.3365
4120 87.3365
4140 87.3365
4160 87.3365
4180 87.3365
4200 87.3365
4220 87.3365
4240 87.3365
4260 87.3365
4280 87.3365
4300 87.3365
4320 87.3365
4340 87.3365
4360 87.3365
4380 87.3365
4400 87.3365
4420 87.3365
4440 87.3365
4460 87.3365
4480 87.3365
4500 87.3365
4520 87.3365
4540 87.3365
4560 87.3365
4580 87.3365
4600 87.3365
4620 87.3365
4640 87.3365
4660 87.3365
4680 87.3365
4700 87.3365
4720 87.3365
4740 87.3365
4760 87.3365
4780 87.3365
4800 87.3365
4820 87.3365
4840 87.3365
4860 87.3365
4880 87.3365
4900 87.3365
4920 87.3365
4940 87.3365
4960 87.3365
4980 87.3365
