0 7.49022
20 6.91374
40 6.90649
60 6.90085
80 6.90026
100 6.8988
120 6.89619
140 6.89255
160 6.88519
180 6.8881
200 6.88429
220 6.87804
240 6.87681
260 6.8739
280 6.8791
300 6.87365
320 6.86936
340 6.87863
360 6.87826
380 6.86602
400 6.86777
420 6.86603
440 6.86668
460 6.86214
480 6.85734
500 6.86004
520 6.86984
540 6.87198
560 6.86723
580 6.86239
600 6.8609
620 6.87311
640 6.8556
660 6.85401
680 6.84946
700 6.85842
720 6.85319
740 6.85938
760 6.84757
780 6.8512
800 6.86413
820 6.86211
840 6.83918
860 6.84578
880 6.83608
900 6.84817
920 6.85844
940 6.85227
960 6.84039
980 6.85347
1000 6.84899
1020 6.85096
1040 6.84979
1060 6.85175
1080 6.8524
1100 6.83309
1120 6.83353
1140 6.82113
1160 6.83612
1180 6.88089
1200 6.8438
1220 6.83663
1240 6.85261
1260 6.83271
1280 6.86087
1300 6.83769
1320 6.8486
1340 6.86177
1360 6.85129
1380 6.80831
1400 6.8397
1420 6.83557
1440 6.84293
1460 6.83152
1480 6.85097
1500 6.84223
1520 6.8632
1540 6.84029
1560 6.85601
1580 6.84777
1600 6.84473
1620 6.84874
1640 6.847
1660 6.8336
1680 6.8402
1700 6.83692
1720 6.86106
1740 6.8494
1760 6.84137
1780 6.83715
1800 6.84286
1820 6.84178
1840 6.82796
1860 6.82614
1880 6.82236
1900 6.84443
1920 6.82084
1940 6.81924
1960 6.83253
1980 6.84767
2000 6.83727
2020 6.84449
2040 6.83808
2060 6.85306
2080 6.82211
2100 6.81068
2120 6.79038
2140 6.83296
2160 6.80379
2180 6.80867
2200 6.83159
2220 6.82619
2240 6.79417
2260 6.78559
2280 6.78085
2300 6.81161
2320 6.75033
2340 6.77293
2360 6.73796
2380 6.78044
2400 6.80796
2420 6.74967
2440 6.76812
2460 6.73972
2480 6.77046
2500 6.71679
2520 6.67804
2540 6.78164
2560 6.77706
2580 6.75175
2600 6.71827
2620 6.75137
2640 6.76402
2660 6.78404
2680 6.77625
2700 6.74604
2720 6.78422
2740 6.76274
2760 6.66845
2780 6.72612
2800 6.73358
2820 6.72958
2840 6.73066
2860 6.77614
2880 6.72331
2900 6.65657
2920 6.71406
2940 6.70825
2960 6.6397
2980 6.73261
3000 6.67952
3020 6.73782
3040 6.69704
3060 6.69358
3080 6.6449
3100 6.70006
3120 6.72564
3140 6.71586
3160 6.74931
3180 6.65374
3200 6.77128
3220 6.75022
3240 6.75284
3260 6.7396
3280 6.67418
3300 6.75587
3320 6.76382
3340 6.72908
3360 6.71807
3380 6.71574
3400 6.68584
3420 6.66309
3440 6.68238
3460 6.69259
3480 6.69925
3500 6.70343
3520 6.73979
3540 6.60291
3560 6.70178
3580 6.78079
3600 6.76162
3620 6.71878
3640 6.71004
3660 6.64649
3680 6.69862
3700 6.77994
3720 6.72196
3740 6.75943
3760 6.87698
3780 6.85119
3800 6.86964
3820 6.88244
3840 6.89263
3860 6.86059
3880 6.8489
3900 6.85132
3920 6.86613
3940 6.86686
3960 6.86176
3980 6.8666
4000 6.86615
4020 6.83237
4040 6.82289
4060 6.8285
4080 6.83059
4100 6.84244
4120 6.828
4140 6.73442
4160 6.73913
4180 6.77941
4200 6.74668
4220 6.79862
4240 6.71148
4260 6.71977
4280 6.75491
4300 6.79599
4320 6.79403
4340 6.73571
4360 6.73342
4380 6.71114
4400 6.74181
4420 6.72667
4440 6.73904
4460 6.70573
4480 6.6784
4500 6.6806
4520 6.76941
4540 6.74224
4560 6.76001
4580 6.75508
4600 6.75701
4620 6.77315
4640 6.799
4660 6.74538
4680 6.71427
4700 6.70954
4720 6.78142
4740 6.68005
4760 6.68991
4780 6.67351
4800 6.74234
4820 6.72704
4840 6.74733
4860 6.73427
4880 6.72769
4900 6.76903
4920 6.65792
4940 6.68696
4960 6.69828
4980 6.72984
5000 6.73123
5020 6.79633
5040 6.66596
5060 6.82019
5080 6.83601
5100 6.70066
5120 6.70597
5140 6.71288
5160 6.69437
5180 6.74101
5200 6.72337
5220 6.70781
5240 6.83063
5260 6.6348
5280 6.73562
5300 6.7246
5320 6.76415
5340 6.67049
5360 6.73677
5380 6.70603
5400 6.62207
5420 6.72151
5440 6.70141
5460 82.4391
5480 87.3365
