0 7.58419
20 6.90323
40 6.89348
60 6.89911
80 6.8994
100 6.89885
120 6.89697
140 6.89276
160 6.8846
180 6.88851
200 6.88435
220 6.87845
240 6.87728
260 6.87307
280 6.87923
300 6.87435
320 6.86934
340 6.87789
360 6.87874
380 6.86685
400 6.86802
420 6.8659
440 6.86647
460 6.86262
480 6.85761
500 6.86038
520 6.86989
540 6.8714
560 6.86742
580 6.86261
600 6.8611
620 6.87346
640 6.85583
660 6.85447
680 6.84916
700 6.85794
720 6.85326
740 6.85927
760 6.84776
780 6.85164
800 6.86416
820 6.86219
840 6.83954
860 6.84578
880 6.83614
900 6.84831
920 6.85844
940 6.85186
960 6.84061
980 6.85347
1000 6.84911
1020 6.85021
1040 6.84976
1060 6.85198
1080 6.85245
1100 6.833
1120 6.83391
1140 6.82159
1160 6.83822
1180 6.88066
1200 6.84336
1220 6.83683
1240 6.85241
1260 6.83393
1280 6.85019
1300 6.83837
1320 6.84415
1340 6.86429
1360 6.85186
1380 6.83419
1400 6.84103
1420 6.83603
1440 6.84186
1460 6.83311
1480 6.84979
1500 6.84207
1520 6.86344
1540 6.84054
1560 6.85563
1580 6.84758
1600 6.84502
1620 6.84867
1640 6.84676
1660 6.83381
1680 6.84009
1700 6.83695
1720 6.8613
1740 6.84836
1760 6.84108
1780 6.83712
1800 6.8429
1820 6.84188
1840 6.82779
1860 6.82606
1880 6.82234
1900 6.84448
1920 6.82082
1940 6.82057
1960 6.83247
1980 6.8481
2000 6.83737
2020 6.84448
2040 6.83944
2060 6.85418
2080 6.81998
2100 6.83318
2120 6.84343
2140 6.85988
2160 6.84719
2180 6.84581
2200 6.84547
2220 6.84731
2240 6.8288
2260 6.84066
2280 6.82392
2300 6.83015
2320 6.8297
2340 6.83061
2360 6.85167
2380 6.85536
2400 6.86754
2420 6.84022
2440 6.84765
2460 6.8278
2480 6.84097
2500 6.83319
2520 6.81338
2540 6.84081
2560 6.85379
2580 6.83037
2600 6.84217
2620 6.84712
2640 6.82362
2660 6.83455
2680 6.84502
2700 6.83719
2720 6.84485
2740 6.82629
2760 6.82681
2780 6.83318
2800 6.83793
2820 6.81736
2840 6.81708
2860 6.81288
2880 6.83411
2900 6.83469
2920 6.84319
2940 6.82731
2960 6.83206
2980 6.81788
3000 6.82504
3020 6.85584
3040 6.84286
3060 6.84851
3080 6.82308
3100 6.87204
3120 6.84179
3140 6.85874
3160 6.84541
3180 6.82153
3200 6.83377
3220 6.84694
3240 6.84488
3260 6.85481
3280 6.81489
3300 6.82241
3320 6.85169
3340 6.8374
3360 6.83199
3380 6.82835
3400 6.83129
3420 6.83817
3440 6.83472
3460 6.80837
3480 6.80963
3500 6.86767
3520 6.85413
3540 6.83529
3560 6.84087
3580 6.83306
3600 6.86259
3620 6.83941
3640 6.83635
3660 6.8229
3680 6.86153
3700 6.83854
3720 6.84398
3740 6.82147
3760 6.8533
3780 6.82176
3800 6.84364
3820 6.838
3840 6.84663
3860 6.82297
3880 6.82297
3900 6.83384
3920 6.85617
3940 6.84385
3960 6.83014
3980 6.83696
4000 6.84522
4020 6.80605
4040 6.80856
4060 6.82423
4080 6.81022
4100 6.83085
4120 6.83364
4140 6.8244
4160 6.84186
4180 6.84275
4200 6.83366
4220 6.83334
4240 6.8308
4260 6.81548
4280 6.84089
4300 6.8309
4320 6.82091
4340 6.82572
4360 6.85479
4380 6.83835
4400 6.82771
4420 6.83156
4440 6.82018
4460 6.84297
4480 6.84438
