0 7.56458
20 7.16695
40 6.9879
60 6.88733
80 6.90741
100 6.89192
120 6.89521
140 6.90608
160 6.87802
180 6.90792
200 6.87508
220 6.85484
240 6.8602
260 6.87693
280 6.87246
300 6.87379
320 6.86191
340 6.89341
360 6.88481
380 6.85805
400 6.85854
420 6.85697
440 6.87862
460 6.83762
480 6.81528
500 6.78278
520 6.8235
540 6.80599
560 6.78613
580 6.72555
600 6.76769
620 6.76315
640 6.71358
660 6.68578
680 6.68604
700 6.71301
720 6.75216
740 6.69468
760 6.69424
780 6.60278
800 6.67881
820 6.70529
840 6.64404
860 6.63632
880 6.62298
900 6.73202
920 6.62409
940 6.66357
960 6.59393
980 6.65365
