0 7.39327
20 7.14916
40 6.93211
60 6.893
80 6.90937
100 6.87639
120 6.89671
140 6.87574
160 6.89279
180 6.89608
200 6.86976
220 6.86616
240 6.89126
260 6.85236
280 6.87087
300 6.85771
320 6.83732
340 6.87106
360 6.86964
380 6.85071
400 6.82407
420 6.77548
440 6.79096
460 6.78555
480 6.77764
500 6.75075
520 6.73949
540 6.77962
560 6.76309
580 6.75808
600 6.72915
620 6.78525
640 6.68287
660 6.70355
680 6.72185
700 6.72932
720 6.69164
740 6.71824
760 6.71704
780 6.63102
800 6.68315
820 6.72578
840 6.67051
860 6.63421
880 6.67274
900 6.66142
920 6.61838
940 6.6576
960 6.55748
980 6.64129
1000 6.56151
1020 6.60901
1040 6.50119
1060 6.55747
1080 6.62462
1100 6.46514
1120 6.51991
1140 6.41686
1160 6.52522
1180 6.5272
1200 6.53397
1220 6.46532
1240 6.4225
1260 6.36068
1280 6.56209
1300 6.37372
1320 6.43345
1340 6.38537
1360 6.41459
1380 6.32627
1400 6.39487
1420 6.27169
1440 6.32229
1460 6.26375
1480 6.20593
1500 6.2879
1520 6.27215
1540 6.25997
1560 6.23753
1580 6.28562
1600 6.20467
1620 6.16282
1640 6.09584
1660 6.28328
1680 6.18137
1700 6.01773
1720 6.11165
1740 6.07168
1760 5.9951
1780 6.06787
1800 6.08957
1820 5.98033
1840 5.93334
1860 5.89357
1880 5.86511
1900 5.96902
1920 5.8667
1940 5.90416
1960 5.90965
1980 5.92397
2000 5.89178
2020 5.90166
2040 5.88593
2060 5.96047
2080 5.77434
2100 5.76093
2120 5.87
2140 5.77293
2160 5.79433
2180 5.71668
2200 5.64613
2220 5.69177
2240 5.68327
2260 5.79862
2280 5.47702
2300 5.75525
2320 5.54497
2340 5.53791
2360 5.7094
2380 5.69372
2400 5.5083
2420 5.42278
2440 5.55216
2460 5.53741
2480 5.58946
2500 5.53859
2520 5.47251
2540 5.55514
2560 5.61421
2580 5.45283
2600 5.3605
2620 5.47109
2640 5.5024
2660 5.42814
2680 5.3119
2700 5.29224
2720 5.48847
2740 5.43581
2760 5.17913
2780 5.43466
2800 5.25824
2820 5.30609
2840 5.36559
2860 5.40085
2880 5.30909
2900 5.21318
2920 5.37365
2940 5.17217
2960 5.23693
2980 5.30695
3000 5.16828
3020 5.16706
3040 5.12336
3060 5.33305
3080 5.28705
3100 5.295
3120 5.23075
3140 5.33349
3160 5.31961
3180 5.09045
3200 5.04011
3220 5.12517
3240 5.20924
3260 5.26185
3280 5.0285
3300 5.18925
3320 5.25086
3340 4.90095
3360 5.042
3380 5.17416
3400 4.95428
3420 5.08742
3440 4.95503
3460 5.03698
3480 5.03793
3500 4.97484
3520 5.12384
3540 5.02897
3560 4.90532
3580 4.95538
3600 5.09152
3620 4.79453
3640 4.79948
3660 4.74585
3680 4.98842
3700 5.07268
3720 4.9586
3740 5.00616
3760 4.7762
3780 5.02305
3800 4.79638
3820 4.94007
3840 4.76082
3860 4.69641
3880 4.98036
3900 4.82894
3920 4.74972
3940 4.85747
3960 4.79565
3980 4.87545
4000 5.03386
4020 4.88659
4040 4.55892
4060 4.72819
4080 4.70462
4100 4.90932
4120 4.67536
4140 4.65602
4160 4.69449
4180 4.71013
4200 4.79036
4220 4.75204
4240 4.7033
4260 4.83642
4280 4.76833
4300 4.58329
4320 4.86736
4340 4.72424
4360 4.76917
4380 4.49938
4400 4.54124
4420 4.6544
4440 4.58785
4460 4.52984
4480 4.40419
4500 4.42086
4520 4.63998
4540 4.8399
4560 5.04375
4580 4.85419
4600 4.68411
4620 4.6249
4640 4.81105
4660 4.75623
4680 4.78319
4700 4.57028
4720 4.4556
4740 4.4037
4760 4.49737
4780 4.74943
4800 4.3959
4820 4.3938
4840 4.40456
4860 4.47666
4880 4.66839
4900 4.57403
4920 4.38443
4940 4.39469
4960 4.32323
4980 4.68445
