0 7.45874
20 6.90304
40 6.91177
60 6.90336
80 6.90023
100 6.89895
120 6.89708
140 6.89287
160 6.88521
180 6.88827
200 6.88439
220 6.87847
240 6.87761
260 6.87361
280 6.87965
300 6.8741
320 6.86943
340 6.87834
360 6.87856
380 6.86684
400 6.86787
420 6.86597
440 6.86676
460 6.86266
480 6.85792
500 6.86045
520 6.87003
540 6.87181
560 6.86768
580 6.86304
600 6.86107
620 6.8737
640 6.85611
660 6.85438
680 6.84932
700 6.85818
720 6.85325
740 6.85943
760 6.84772
780 6.85092
800 6.86432
820 6.86222
840 6.83976
860 6.8459
880 6.83631
900 6.84835
920 6.85832
940 6.85204
960 6.84051
980 6.85369
1000 6.84911
1020 6.85111
1040 6.84991
1060 6.85199
1080 6.85253
1100 6.83373
1120 6.83395
1140 6.82185
1160 6.8383
1180 6.88062
1200 6.84344
1220 6.83671
1240 6.85243
1260 6.83297
1280 6.85033
1300 6.83851
1320 6.84418
1340 6.86156
1360 6.84999
1380 6.8342
1400 6.83976
1420 6.83612
1440 6.84157
1460 6.83098
1480 6.84993
1500 6.84162
1520 6.8633
1540 6.84128
1560 6.85564
1580 6.84768
1600 6.84578
1620 6.84877
1640 6.84483
1660 6.83366
1680 6.84
1700 6.83702
1720 6.86135
1740 6.84815
1760 6.84111
1780 6.83733
1800 6.84267
1820 6.84191
1840 6.82781
1860 6.82709
1880 6.82245
1900 6.84448
1920 6.82168
1940 6.81796
1960 6.83263
1980 6.84966
2000 6.83713
2020 6.84445
2040 6.84015
2060 6.85111
2080 6.82179
2100 6.83864
2120 6.84356
2140 6.85763
2160 6.84296
2180 6.84577
2200 6.84376
2220 6.84642
2240 6.82911
2260 6.84119
2280 6.82367
2300 6.83053
2320 6.82962
2340 6.82531
2360 6.84855
2380 6.85478
2400 6.86518
2420 6.83631
2440 6.84948
2460 6.82604
2480 6.84121
2500 6.83218
2520 6.81348
2540 6.83973
2560 6.85236
2580 6.82729
2600 6.83722
2620 6.84678
2640 6.82391
2660 6.83934
2680 6.84619
2700 6.82728
2720 6.84242
2740 6.82852
2760 6.82675
2780 6.83193
2800 6.83955
2820 6.81928
2840 6.81665
2860 6.81694
2880 6.83056
2900 6.83516
2920 6.84467
2940 6.82347
2960 6.83078
2980 6.81057
3000 6.82338
3020 6.85515
3040 6.84274
3060 6.84854
3080 6.82258
3100 6.86066
3120 6.84139
3140 6.85951
3160 6.84229
3180 6.82051
3200 6.82909
3220 6.84667
3240 6.84655
3260 6.8561
3280 6.81824
3300 6.82796
3320 6.85288
3340 6.83626
3360 6.83556
3380 6.82903
3400 6.83198
3420 6.84243
3440 6.83625
3460 6.81175
3480 6.80956
3500 6.86623
3520 6.85567
3540 6.83473
3560 6.8405
3580 6.83177
3600 6.86159
3620 6.84135
3640 6.83054
3660 6.82402
3680 6.84632
3700 6.83369
3720 6.84068
3740 6.82056
3760 6.85055
3780 6.82151
3800 6.84442
3820 6.83759
3840 6.84596
3860 6.82596
3880 6.825
3900 6.83494
3920 6.8528
3940 6.84579
3960 6.82801
3980 6.8422
4000 6.84486
4020 6.81119
4040 6.80919
4060 6.82287
4080 6.81108
4100 6.83092
4120 6.82748
4140 6.82535
4160 6.84147
4180 6.84565
4200 6.82925
4220 6.83389
4240 6.83013
4260 6.81656
4280 6.84094
4300 6.82766
4320 6.82324
4340 6.82557
4360 6.85429
4380 6.84175
4400 6.8266
4420 6.83021
4440 6.81965
4460 6.84329
4480 6.84463
4500 6.81644
4520 6.87156
4540 6.86032
4560 6.85559
4580 6.85937
4600 6.88106
4620 6.85321
4640 6.86336
4660 6.83044
4680 6.83352
4700 6.84661
4720 6.85928
4740 6.81588
4760 6.83512
4780 6.81183
4800 6.84238
4820 6.82938
4840 6.84461
4860 6.8436
4880 6.84116
4900 6.8597
4920 6.81277
4940 6.82317
4960 6.83297
4980 6.8417
5000 6.83503
5020 6.83947
5040 6.82677
5060 6.83147
5080 6.85242
5100 6.84556
5120 6.8247
5140 6.81171
5160 6.84496
5180 6.83039
5200 6.83
5220 6.843
5240 6.87906
5260 6.81067
5280 6.84122
5300 6.85542
5320 6.85197
5340 6.81774
5360 6.84339
5380 6.84213
5400 6.83956
5420 6.85228
5440 6.82989
5460 6.84948
5480 6.82062
5500 6.8298
5520 6.8442
5540 6.82489
5560 6.87853
5580 6.83314
5600 6.83679
5620 6.8382
5640 6.84323
5660 6.82847
5680 6.84775
5700 6.83568
5720 6.83078
5740 6.88612
5760 6.85473
5780 6.85196
5800 6.83377
5820 6.82464
5840 6.84473
5860 6.81554
5880 6.82432
5900 6.83849
5920 6.84089
5940 6.82757
5960 6.84807
5980 6.8171
