0 7.36362
20 7.09521
40 6.95889
60 6.86659
80 6.91127
100 6.9037
120 6.92391
140 6.90238
160 6.87611
180 6.89942
200 6.87957
220 6.84701
240 6.88
260 6.85944
280 6.88294
300 6.83867
320 6.83399
340 6.86922
360 6.84539
380 6.82242
400 6.82286
420 6.78822
440 6.83453
460 6.76127
480 6.76013
500 6.76143
520 6.76604
540 6.81386
560 6.78227
580 6.76977
600 6.70956
620 6.76542
640 6.6834
660 6.70745
680 6.68675
700 6.74024
720 6.6454
740 6.73588
760 6.683
780 6.65668
800 6.66482
820 6.69681
840 6.62106
860 6.59045
880 6.66649
900 6.64359
920 6.61071
940 6.64243
960 6.60121
980 6.63013
1000 6.52656
1020 6.57362
1040 6.49321
1060 6.50085
1080 6.59209
1100 6.51482
1120 6.52583
1140 6.41178
1160 6.5303
1180 6.51376
1200 6.53316
1220 6.47649
1240 6.44848
1260 6.35498
1280 6.50611
1300 6.44686
1320 6.4509
1340 6.37402
1360 6.32316
1380 6.26682
1400 6.34062
1420 6.36186
1440 6.35986
1460 6.31967
1480 6.21352
1500 6.29998
1520 6.321
1540 6.29611
1560 6.23736
1580 6.34017
1600 6.15444
1620 6.24285
1640 6.2021
1660 6.28468
1680 6.16229
1700 6.10366
1720 6.10524
1740 6.15716
1760 6.07856
1780 6.00191
1800 6.08097
1820 5.91363
1840 6.02628
1860 5.90982
1880 5.94938
1900 6.03029
1920 5.96171
1940 5.98888
1960 5.88914
1980 5.86818
2000 5.8639
2020 5.98725
2040 5.90116
2060 5.88577
2080 5.69647
2100 5.80276
2120 5.82565
2140 5.84091
2160 5.76973
2180 5.71714
2200 5.68962
2220 5.61885
2240 5.64132
2260 5.75058
2280 5.48895
2300 5.63507
2320 5.45477
2340 5.57702
2360 5.74256
2380 5.6727
2400 5.4859
2420 5.42685
2440 5.51625
2460 5.5154
2480 5.57218
2500 5.73882
2520 5.36441
2540 5.55274
2560 5.73579
2580 5.4192
2600 5.37533
2620 5.34902
2640 5.33451
2660 5.50461
2680 5.29336
2700 5.35579
2720 5.46089
2740 5.35407
2760 5.25802
2780 5.3481
2800 5.24457
2820 5.25691
2840 5.30989
2860 5.42765
2880 5.21633
2900 5.16673
2920 5.33144
2940 5.13693
2960 5.22007
2980 5.32598
3000 5.18036
3020 5.0381
3040 5.08132
3060 5.31966
3080 5.17714
3100 5.19867
3120 5.15291
3140 5.2968
3160 5.30794
3180 5.1482
3200 5.01296
3220 5.17831
3240 5.1056
3260 5.24937
3280 5.24858
3300 5.29331
3320 5.12089
3340 5.01786
3360 5.14999
3380 5.03523
3400 4.95068
3420 5.05016
3440 4.93063
3460 5.02891
3480 5.05604
3500 4.92533
3520 5.07276
3540 5.05352
3560 5.10591
3580 4.92454
3600 5.07314
3620 4.90445
3640 4.77853
3660 4.75548
3680 4.77177
3700 4.91746
3720 4.92442
3740 4.90078
3760 4.76371
3780 4.92611
3800 4.81646
3820 4.83129
3840 4.88487
3860 4.7375
3880 4.91493
3900 4.87762
3920 4.68586
3940 4.72217
3960 4.84205
3980 4.79983
4000 4.97032
4020 4.92257
4040 4.58768
4060 4.73968
4080 4.76976
4100 4.78709
4120 4.64719
4140 4.69158
4160 4.67409
4180 4.7587
4200 4.9565
4220 4.73403
4240 4.52501
4260 4.6308
4280 4.68445
4300 4.66961
4320 4.68941
4340 4.637
4360 4.68309
4380 4.57998
4400 4.52978
4420 4.8123
4440 4.56488
4460 4.45858
4480 4.53625
4500 4.47944
4520 4.72883
4540 4.72245
4560 4.9305
4580 4.67144
4600 4.82009
4620 4.51936
4640 4.77444
4660 4.65278
4680 4.76619
4700 4.53291
4720 4.66787
4740 4.42888
4760 4.64284
4780 4.72427
4800 4.41193
4820 4.45669
4840 4.45387
4860 4.42974
4880 4.51538
4900 4.62036
4920 4.33272
4940 4.27041
4960 4.36275
4980 4.55431
5000 4.65644
5020 4.53513
5040 4.37248
5060 4.51549
5080 4.52443
5100 4.37835
5120 4.46894
5140 4.43508
5160 4.36725
5180 4.56346
5200 4.4401
5220 4.48443
5240 4.5604
5260 4.30522
5280 4.28655
5300 4.65438
5320 4.45429
5340 4.42138
5360 4.58664
5380 4.26191
5400 4.31346
5420 4.40418
5440 4.46094
5460 4.28181
5480 4.25564
