0 7.55906
20 6.93558
40 6.90357
60 6.90614
80 6.90174
100 6.89897
120 6.89605
140 6.90144
160 6.88511
180 6.88886
200 6.88436
220 6.87884
240 6.87744
260 6.87416
280 6.87943
300 6.87451
320 6.87009
340 6.87791
360 6.87868
380 6.86682
400 6.86784
420 6.86629
440 6.86645
460 6.86257
480 6.85764
500 6.86044
520 6.87002
540 6.87157
560 6.86767
580 6.86236
600 6.86133
620 6.87332
640 6.85593
660 6.85437
680 6.84918
700 6.85826
720 6.85327
740 6.8593
760 6.84769
780 6.85082
800 6.86424
820 6.86229
840 6.83955
860 6.84592
880 6.83605
900 6.84832
920 6.85845
940 6.85196
960 6.84051
980 6.85355
