0 7.38569
20 6.92942
40 6.903
60 6.8861
80 6.9013
100 6.89454
120 6.89971
140 6.89274
160 6.8976
180 6.87819
200 6.88732
220 6.87707
240 6.88009
260 6.87515
280 6.88152
300 6.87629
320 6.87049
340 6.87944
360 6.87929
380 6.86814
400 6.86802
420 6.86686
440 6.86756
460 6.86442
480 6.85873
500 6.86098
520 6.87085
540 6.87236
560 6.86793
580 6.86317
600 6.86175
620 6.87394
640 6.85653
660 6.85493
680 6.84975
700 6.85873
720 6.85331
740 6.85994
760 6.84801
780 6.85131
800 6.86444
820 6.86293
840 6.83992
860 6.84635
880 6.83674
900 6.84884
920 6.85876
940 6.85215
960 6.84058
980 6.85369
