0 7.4029
20 87.3365
40 87.3365
60 87.3365
80 87.3365
100 87.3365
120 87.3365
140 87.3365
160 87.3365
180 87.3365
200 87.3365
220 87.3365
240 87.3365
260 87.3365
280 87.3365
300 87.3365
320 87.3365
340 87.3365
360 87.3365
380 87.3365
400 87.3365
420 87.3365
440 87.3365
460 87.3365
480 87.3365
500 87.3365
520 87.3365
540 87.3365
560 87.3365
580 87.3365
600 87.3365
620 87.3365
640 87.3365
660 87.3365
680 87.3365
700 87.3365
720 87.3365
740 87.3365
760 87.3365
780 87.3365
800 87.3365
820 87.3365
840 87.3365
860 87.3365
880 87.3365
900 87.3365
920 87.3365
940 87.3365
960 87.3365
980 87.3365
