0 7.40079
20 7.07768
40 6.9224
60 6.86689
80 6.913
100 6.93302
120 6.87855
140 6.90524
160 6.868
180 6.88723
200 6.88504
220 6.85544
240 6.87754
260 6.87306
280 6.87696
300 6.86722
320 6.85007
340 6.88206
360 6.87889
380 6.8538
400 6.84037
420 6.84813
440 6.86337
460 6.86186
480 6.83909
500 6.82421
520 6.87478
540 6.84894
560 6.81914
580 6.84168
600 6.79384
620 6.82036
640 6.74858
660 6.77517
680 6.73357
700 6.76795
720 6.74665
740 6.74171
760 6.80479
780 6.70798
800 6.80285
820 6.73985
840 6.73564
860 6.69876
880 6.73664
900 6.7545
920 6.76089
940 6.70885
960 6.74681
980 6.72562
1000 6.70139
1020 6.71878
1040 6.68099
1060 6.72945
1080 6.73886
1100 6.65406
1120 6.61377
1140 6.58412
1160 6.63774
1180 6.62597
1200 6.60568
1220 6.55313
1240 6.59266
1260 6.50036
1280 6.65196
1300 6.45506
1320 6.487
1340 6.48274
1360 6.41577
1380 6.36351
1400 6.50164
1420 6.46689
1440 6.27429
1460 6.36685
1480 6.34414
1500 6.38795
1520 6.43391
1540 6.34162
1560 6.36147
1580 6.4084
1600 6.19795
1620 6.25818
1640 6.14693
1660 6.29327
1680 6.16101
1700 6.02586
1720 6.19179
1740 6.20905
1760 6.18133
1780 6.11542
1800 6.13158
1820 6.09048
1840 6.11306
1860 6.04093
1880 6.0489
1900 6.09547
1920 6.02694
1940 6.00959
1960 6.04896
1980 6.04272
