0 7.3978
20 7.08147
40 6.95854
60 6.87132
80 6.91947
100 6.89895
120 6.90071
140 6.88067
160 6.88172
180 6.90616
200 6.87837
220 6.85933
240 6.8645
260 6.86847
280 6.87357
300 6.84686
320 6.85842
340 6.87591
360 6.8678
380 6.85811
400 6.85738
420 6.8248
440 6.81397
460 6.80617
480 6.75466
500 6.76122
520 6.74887
540 6.8307
560 6.79479
580 6.76417
600 6.75202
620 6.79265
640 6.68102
660 6.70654
680 6.70104
700 6.76276
720 6.71684
740 6.76734
760 6.71625
780 6.65212
800 6.73231
820 6.70517
840 6.63588
860 6.60654
880 6.67293
900 6.68152
920 6.58759
940 6.59592
960 6.59615
980 6.64156
1000 6.62666
1020 6.54826
1040 6.52497
1060 6.52446
1080 6.58894
1100 6.47571
1120 6.52117
1140 6.38193
1160 6.52458
1180 6.53222
1200 6.52725
1220 6.45499
1240 6.54683
1260 6.34254
1280 6.53369
1300 6.4258
1320 6.45544
1340 6.39031
1360 6.38552
1380 6.28119
1400 6.39081
1420 6.34788
1440 6.29408
1460 6.28824
1480 6.2474
1500 6.36972
1520 6.32646
1540 6.29544
1560 6.24192
1580 6.31651
1600 6.17752
1620 6.19068
1640 6.11688
1660 6.21372
1680 6.1656
1700 6.01456
1720 6.04894
1740 6.12034
1760 5.97291
1780 6.05002
1800 6.06608
1820 6.02394
1840 6.00499
1860 6.00781
1880 5.87016
1900 6.07724
1920 5.8779
1940 5.98136
1960 6.02792
1980 5.97885
