02 12 22 29 01 0 
02 12 23 03 06 20 
02 12 23 37 17 40 
02 13 00 11 31 60 
02 13 00 45 47 80 
02 13 01 32 32 100 
02 13 02 06 44 120 
02 13 02 40 51 140 
02 13 03 14 54 160 
02 13 03 48 57 180 
02 13 04 35 27 200 
02 13 05 09 34 220 
02 13 05 43 51 240 
02 13 06 18 19 260 
02 13 06 52 59 280 
02 13 07 40 30 300 
02 13 08 15 20 320 
02 13 08 50 10 340 
02 13 09 24 48 360 
02 13 09 59 11 380 
02 13 10 46 55 400 
02 13 11 21 36 420 
02 13 11 56 42 440 
02 13 12 32 00 460 
02 13 13 07 10 480 
02 13 13 54 39 500 
02 13 14 29 42 520 
02 13 15 04 46 540 
02 13 15 39 47 560 
02 13 16 14 45 580 
02 13 17 02 19 600 
02 13 17 36 52 620 
02 13 18 11 15 640 
02 13 18 45 38 660 
02 13 19 20 04 680 
02 13 20 07 03 700 
02 13 20 41 32 720 
02 13 21 15 56 740 
02 13 21 50 20 760 
02 13 22 24 33 780 
02 13 23 11 50 800 
02 13 23 46 16 820 
02 14 00 20 36 840 
02 14 00 54 59 860 
02 14 01 29 35 880 
02 14 02 17 05 900 
02 14 02 51 47 920 
02 14 03 26 28 940 
02 14 04 01 13 960 
02 14 04 36 17 980 
02 14 05 10 42 1000
