03 15 01 59 56 0 
03 15 02 33 56 20 
03 15 03 07 47 40 
03 15 03 41 37 60 
03 15 04 15 26 80 
03 15 05 01 35 100 
03 15 05 35 24 120 
03 15 06 09 15 140 
03 15 06 43 07 160 
03 15 07 17 02 180 
03 15 08 03 22 200 
03 15 08 37 20 220 
03 15 09 11 23 240 
03 15 09 45 30 260 
03 15 10 19 44 280 
03 15 11 06 55 300 
03 15 11 41 29 320 
03 15 12 16 07 340 
03 15 12 50 45 360 
03 15 13 25 14 380 
03 15 14 12 21 400 
03 15 14 46 41 420 
03 15 15 21 30 440 
03 15 15 55 47 460 
03 15 16 29 54 480 
03 15 17 16 15 500 
03 15 17 50 12 520 
03 15 18 24 26 540 
03 15 18 58 34 560 
03 15 19 32 35 580 
03 15 20 18 53 600 
03 15 20 52 47 620 
03 15 21 26 53 640 
03 15 22 00 57 660 
03 15 22 34 59 680 
03 15 23 21 20 700 
03 15 23 55 18 720 
03 16 00 29 17 740 
03 16 01 03 15 760 
03 16 01 37 18 780 
03 16 02 23 57 800 
03 16 02 58 03 820 
03 16 03 32 10 840 
03 16 04 06 21 860 
03 16 04 40 35 880 
03 16 05 27 55 900 
03 16 06 02 57 920 
03 16 06 37 33 940 
03 16 07 12 23 960 
03 16 07 47 47 980 
03 16 08 37 12 1000 
03 16 09 13 05 1020 
03 16 09 49 17 1040 
03 16 10 25 29 1060 
03 16 11 01 43 1080 
03 16 11 51 16 1100 
03 16 12 27 41 1120 
03 16 13 04 03 1140 
03 16 13 40 21 1160 
03 16 14 16 56 1180 
03 16 15 06 52 1200 
03 16 15 43 21 1220 
03 16 16 19 55 1240 
03 16 16 56 55 1260 
03 16 17 33 51 1280 
03 16 18 24 28 1300 
03 16 19 01 14 1320 
03 16 19 38 12 1340 
03 16 20 15 16 1360 
03 16 20 52 20 1380 
03 16 21 43 03 1400 
03 16 22 19 48 1420 
03 16 22 56 41 1440 
03 16 23 33 24 1460 
03 17 00 10 09 1480 
03 17 01 01 19 1500 
03 17 01 38 22 1520 
03 17 02 15 22 1540 
03 17 02 52 32 1560 
03 17 03 29 30 1580 
03 17 04 20 19 1600 
03 17 04 57 09 1620 
03 17 05 34 17 1640 
03 17 06 11 19 1660 
03 17 06 48 19 1680 
03 17 07 40 01 1700 
03 17 08 17 34 1720 
03 17 08 55 05 1740 
03 17 09 32 14 1760 
03 17 10 09 44 1780 
03 17 11 01 12 1800 
03 17 11 38 40 1820 
03 17 12 16 11 1840 
03 17 12 53 21 1860 
03 17 13 30 28 1880 
03 17 14 21 26 1900 
03 17 14 58 38 1920 
03 17 15 36 04 1940 
03 17 16 13 10 1960 
03 17 16 50 27 1980 
03 17 17 41 50 2000 
03 17 18 18 53 2020 
03 17 18 56 12 2040 
03 17 19 33 52 2060 
03 17 20 11 20 2080 
03 17 21 02 31 2100 
03 17 21 39 53 2120 
03 17 22 16 54 2140 
03 17 22 53 36 2160 
03 17 23 30 34 2180 
03 18 00 21 47 2200 
03 18 00 59 00 2220 
03 18 01 35 53 2240 
03 18 02 12 45 2260 
03 18 02 49 42 2280 
03 18 03 40 43 2300 
03 18 04 17 39 2320 
03 18 04 54 40 2340 
03 18 05 31 26 2360 
03 18 06 08 32 2380 
03 18 06 59 24 2400 
03 18 07 36 10 2420 
03 18 08 12 46 2440 
03 18 08 49 27 2460 
03 18 09 26 24 2480 
03 18 10 17 05 2500 
03 18 10 53 40 2520 
03 18 11 30 27 2540 
03 18 12 07 39 2560 
03 18 12 44 23 2580 
03 18 13 34 32 2600 
03 18 14 11 17 2620 
03 18 14 48 00 2640 
03 18 15 24 44 2660 
03 18 16 01 26 2680 
03 18 16 51 37 2700 
03 18 17 28 22 2720 
03 18 18 05 04 2740 
03 18 18 41 47 2760 
03 18 19 18 05 2780 
03 18 20 08 08 2800 
03 18 20 44 29 2820 
03 18 21 20 58 2840 
03 18 21 57 52 2860 
03 18 22 34 48 2880 
03 18 23 25 07 2900 
03 19 00 01 49 2920 
03 19 00 38 47 2940 
03 19 01 15 26 2960 
03 19 01 52 05 2980 
03 19 02 27 51 3000
