04 04 11 43 06 0 
04 04 11 43 26 20 
04 04 11 43 46 40 
04 04 11 44 06 60 
04 04 11 44 26 80 
04 04 11 44 53 100 
04 04 11 45 13 120 
04 04 11 45 33 140 
04 04 11 45 53 160 
04 04 11 46 13 180 
04 04 11 46 40 200 
04 04 11 47 00 220 
04 04 11 47 20 240 
04 04 11 47 40 260 
04 04 11 48 01 280 
04 04 11 48 29 300 
04 04 11 48 49 320 
04 04 11 49 09 340 
04 04 11 49 29 360 
04 04 11 49 49 380 
04 04 11 50 15 400 
04 04 11 50 35 420 
04 04 11 50 55 440 
04 04 11 51 15 460 
04 04 11 51 35 480 
04 04 11 52 01 500 
04 04 11 52 21 520 
04 04 11 52 41 540 
04 04 11 53 01 560 
04 04 11 53 21 580 
04 04 11 53 56 600 
04 04 11 54 15 620 
04 04 11 54 35 640 
04 04 11 54 55 660 
04 04 11 55 15 680 
04 04 11 55 50 700 
04 04 11 56 10 720 
04 04 11 56 29 740 
04 04 11 56 49 760 
04 04 11 57 09 780 
04 04 11 57 47 800 
04 04 11 58 07 820 
04 04 11 58 27 840 
04 04 11 58 47 860 
04 04 11 59 06 880 
04 04 11 59 46 900 
04 04 12 00 05 920 
04 04 12 00 25 940 
04 04 12 00 45 960 
04 04 12 01 05 980 
04 04 12 01 32 1000 
04 04 12 01 52 1020 
04 04 12 02 12 1040 
04 04 12 02 31 1060 
04 04 12 02 51 1080 
04 04 12 03 18 1100 
04 04 12 03 38 1120 
04 04 12 03 58 1140 
04 04 12 04 17 1160 
04 04 12 04 37 1180 
04 04 12 05 04 1200 
04 04 12 05 24 1220 
04 04 12 05 43 1240 
04 04 12 06 03 1260 
04 04 12 06 23 1280 
04 04 12 06 50 1300 
04 04 12 07 10 1320 
04 04 12 07 30 1340 
04 04 12 07 50 1360 
04 04 12 08 09 1380 
04 04 12 08 36 1400 
04 04 12 08 56 1420 
04 04 12 09 16 1440 
04 04 12 09 36 1460 
04 04 12 09 55 1480 
04 04 12 10 22 1500 
04 04 12 10 42 1520 
04 04 12 11 02 1540 
04 04 12 11 22 1560 
04 04 12 11 41 1580 
04 04 12 12 16 1600 
04 04 12 12 35 1620 
04 04 12 12 55 1640 
04 04 12 13 15 1660 
04 04 12 13 35 1680 
04 04 12 14 09 1700 
04 04 12 14 29 1720 
04 04 12 14 49 1740 
04 04 12 15 08 1760 
04 04 12 15 28 1780 
04 04 12 16 06 1800 
04 04 12 16 26 1820 
04 04 12 16 46 1840 
04 04 12 17 05 1860 
04 04 12 17 25 1880 
04 04 12 18 04 1900 
04 04 12 18 24 1920 
04 04 12 18 44 1940 
04 04 12 19 04 1960 
04 04 12 19 23 1980 
04 04 12 19 50 2000 
04 04 12 20 10 2020 
04 04 12 20 30 2040 
04 04 12 20 50 2060 
04 04 12 21 10 2080 
04 04 12 21 36 2100 
04 04 12 21 56 2120 
04 04 12 22 16 2140 
04 04 12 22 36 2160 
04 04 12 22 56 2180 
04 04 12 23 22 2200 
04 04 12 23 42 2220 
04 04 12 24 02 2240 
04 04 12 24 22 2260 
04 04 12 24 42 2280 
04 04 12 25 09 2300 
04 04 12 25 29 2320 
04 04 12 25 48 2340 
04 04 12 26 08 2360 
04 04 12 26 28 2380 
04 04 12 26 54 2400 
04 04 12 27 15 2420 
04 04 12 27 35 2440 
04 04 12 27 54 2460 
04 04 12 28 14 2480 
04 04 12 28 41 2500 
04 04 12 29 01 2520 
04 04 12 29 21 2540 
04 04 12 29 41 2560 
04 04 12 30 01 2580 
04 04 12 30 37 2600 
04 04 12 30 57 2620 
04 04 12 31 17 2640 
04 04 12 31 37 2660 
04 04 12 31 57 2680 
04 04 12 32 32 2700 
04 04 12 32 52 2720 
04 04 12 33 11 2740 
04 04 12 33 31 2760 
04 04 12 33 51 2780 
04 04 12 34 30 2800 
04 04 12 34 49 2820 
04 04 12 35 09 2840 
04 04 12 35 29 2860 
04 04 12 35 49 2880 
04 04 12 36 28 2900 
04 04 12 36 48 2920 
04 04 12 37 07 2940 
04 04 12 37 27 2960 
04 04 12 37 47 2980 
04 04 12 38 14 3000 
04 04 12 38 34 3020 
04 04 12 38 54 3040 
04 04 12 39 14 3060 
04 04 12 39 34 3080 
04 04 12 40 00 3100 
04 04 12 40 20 3120 
04 04 12 40 40 3140 
04 04 12 41 00 3160 
04 04 12 41 20 3180 
04 04 12 41 47 3200 
04 04 12 42 07 3220 
04 04 12 42 27 3240 
04 04 12 42 47 3260 
04 04 12 43 07 3280 
04 04 12 43 33 3300 
04 04 12 43 53 3320 
04 04 12 44 14 3340 
04 04 12 44 36 3360 
04 04 12 44 58 3380 
04 04 12 45 26 3400 
04 04 12 45 48 3420 
04 04 12 46 09 3440 
04 04 12 46 31 3460 
04 04 12 46 53 3480 
04 04 12 47 22 3500 
04 04 12 47 43 3520 
04 04 12 48 04 3540 
04 04 12 48 26 3560 
04 04 12 48 50 3580 
04 04 12 49 50 3600 
04 04 12 50 14 3620 
04 04 12 50 36 3640 
04 04 12 50 57 3660 
04 04 12 51 21 3680 
04 04 12 52 18 3700 
04 04 12 52 40 3720 
04 04 12 53 01 3740 
04 04 12 53 23 3760 
04 04 12 53 47 3780 
04 04 12 54 52 3800 
04 04 12 55 14 3820 
04 04 12 55 36 3840 
04 04 12 55 58 3860 
04 04 12 56 20 3880 
04 04 12 57 17 3900 
04 04 12 57 39 3920 
04 04 12 58 01 3940 
04 04 12 58 22 3960 
04 04 12 58 43 3980 
04 04 13 01 52 4000
