03 12 14 03 17 0 
03 12 14 35 43 20 
03 12 15 07 42 40 
03 12 15 39 42 60 
03 12 16 11 41 80 
03 12 16 55 02 100 
03 12 17 27 02 120 
03 12 17 59 01 140 
03 12 18 31 01 160 
03 12 19 03 00 180 
03 12 19 46 21 200 
03 12 20 18 21 220 
03 12 20 50 20 240 
03 12 21 22 20 260 
03 12 21 54 19 280 
03 12 22 37 41 300 
03 12 23 09 40 320 
03 12 23 41 40 340 
03 13 00 13 39 360 
03 13 00 45 39 380 
03 13 01 29 00 400 
03 13 02 01 00 420 
03 13 02 32 59 440 
03 13 03 04 59 460 
03 13 03 36 58 480 
03 13 04 20 20 500 
03 13 04 52 19 520 
03 13 05 24 19 540 
03 13 05 56 18 560 
03 13 06 28 18 580 
03 13 07 11 39 600 
03 13 07 43 39 620 
03 13 08 15 38 640 
03 13 08 47 38 660 
03 13 09 19 37 680 
03 13 10 02 59 700 
03 13 10 34 59 720 
03 13 11 06 58 740 
03 13 11 38 58 760 
03 13 12 10 58 780 
03 13 12 54 19 800 
03 13 13 26 19 820 
03 13 13 58 18 840 
03 13 14 30 18 860 
03 13 15 02 18 880 
03 13 15 45 39 900 
03 13 16 17 39 920 
03 13 16 49 39 940 
03 13 17 21 38 960 
03 13 17 53 38 980 
03 13 18 36 59 1000 
03 13 19 08 59 1020 
03 13 19 40 59 1040 
03 13 20 12 59 1060 
03 13 20 44 58 1080 
03 13 21 28 20 1100 
03 13 22 00 19 1120 
03 13 22 32 19 1140 
03 13 23 04 19 1160 
03 13 23 36 18 1180 
03 14 00 19 40 1200 
03 14 00 51 39 1220 
03 14 01 23 39 1240 
03 14 01 55 39 1260 
03 14 02 27 38 1280 
03 14 03 11 00 1300 
03 14 03 42 59 1320 
03 14 04 14 59 1340 
03 14 04 46 59 1360 
03 14 05 18 58 1380 
03 14 06 02 20 1400 
03 14 06 34 20 1420 
03 14 07 06 19 1440 
03 14 07 38 19 1460 
03 14 08 10 18 1480 
03 14 08 53 40 1500 
03 14 09 25 40 1520 
03 14 09 57 39 1540 
03 14 10 29 39 1560 
03 14 11 01 38 1580 
03 14 11 44 59 1600 
03 14 12 16 59 1620 
03 14 12 48 59 1640 
03 14 13 20 59 1660 
03 14 13 52 58 1680 
03 14 14 36 20 1700 
03 14 15 08 19 1720 
03 14 15 40 19 1740 
03 14 16 12 19 1760 
03 14 16 44 18 1780 
03 14 17 27 40 1800 
03 14 17 59 40 1820 
03 14 18 31 39 1840 
03 14 19 03 39 1860 
03 14 19 35 39 1880 
03 14 20 19 00 1900 
03 14 20 51 00 1920 
03 14 21 22 59 1940 
03 14 21 54 59 1960 
03 14 22 26 59 1980 
03 14 22 58 32 2000
