04 03 23 15 22 0 
04 03 23 15 42 20 
04 03 23 16 02 40 
04 03 23 16 22 60 
04 03 23 16 42 80 
04 03 23 17 09 100 
04 03 23 17 29 120 
04 03 23 17 49 140 
04 03 23 18 09 160 
04 03 23 18 29 180 
04 03 23 19 11 200 
04 03 23 19 31 220 
04 03 23 19 51 240 
04 03 23 20 11 260 
04 03 23 20 31 280 
04 03 23 21 12 300 
04 03 23 21 32 320 
04 03 23 21 51 340 
04 03 23 22 11 360 
04 03 23 22 31 380 
04 03 23 23 14 400 
04 03 23 23 33 420 
04 03 23 23 53 440 
04 03 23 24 13 460 
04 03 23 24 33 480 
04 03 23 25 10 500 
04 03 23 25 29 520 
04 03 23 25 49 540 
04 03 23 26 09 560 
04 03 23 26 28 580 
04 03 23 27 03 600 
04 03 23 27 23 620 
04 03 23 27 43 640 
04 03 23 28 02 660 
04 03 23 28 22 680 
04 03 23 28 58 700 
04 03 23 29 17 720 
04 03 23 29 37 740 
04 03 23 29 57 760 
04 03 23 30 17 780 
04 03 23 30 55 800 
04 03 23 31 16 820 
04 03 23 31 36 840 
04 03 23 31 55 860 
04 03 23 32 15 880 
04 03 23 32 54 900 
04 03 23 33 14 920 
04 03 23 33 33 940 
04 03 23 33 53 960 
04 03 23 34 13 980 
04 03 23 34 56 1000 
04 03 23 35 16 1020 
04 03 23 35 36 1040 
04 03 23 35 56 1060 
04 03 23 36 15 1080 
04 03 23 36 43 1100 
04 03 23 37 03 1120 
04 03 23 37 23 1140 
04 03 23 37 43 1160 
04 03 23 38 02 1180 
04 03 23 38 31 1200 
04 03 23 38 51 1220 
04 03 23 39 10 1240 
04 03 23 39 30 1260 
04 03 23 39 50 1280 
04 03 23 40 18 1300 
04 03 23 40 38 1320 
04 03 23 40 58 1340 
04 03 23 41 18 1360 
04 03 23 41 37 1380 
04 03 23 42 04 1400 
04 03 23 42 24 1420 
04 03 23 42 44 1440 
04 03 23 43 03 1460 
04 03 23 43 23 1480 
04 03 23 43 50 1500 
04 03 23 44 10 1520 
04 03 23 44 30 1540 
04 03 23 44 49 1560 
04 03 23 45 09 1580 
04 03 23 45 44 1600 
04 03 23 46 04 1620 
04 03 23 46 24 1640 
04 03 23 46 43 1660 
04 03 23 47 03 1680 
04 03 23 47 38 1700 
04 03 23 47 58 1720 
04 03 23 48 17 1740 
04 03 23 48 37 1760 
04 03 23 48 57 1780 
04 03 23 49 35 1800 
04 03 23 49 54 1820 
04 03 23 50 14 1840 
04 03 23 50 34 1860 
04 03 23 50 53 1880 
04 03 23 51 33 1900 
04 03 23 51 52 1920 
04 03 23 52 12 1940 
04 03 23 52 32 1960 
04 03 23 52 51 1980 
04 03 23 53 34 2000 
04 03 23 53 54 2020 
04 03 23 54 14 2040 
04 03 23 54 33 2060 
04 03 23 54 53 2080 
04 03 23 55 20 2100 
04 03 23 55 40 2120 
04 03 23 56 00 2140 
04 03 23 56 20 2160 
04 03 23 56 40 2180 
04 03 23 57 08 2200 
04 03 23 57 28 2220 
04 03 23 57 48 2240 
04 03 23 58 08 2260 
04 03 23 58 28 2280 
04 03 23 58 57 2300 
04 03 23 59 17 2320 
04 03 23 59 37 2340 
04 03 23 59 56 2360 
04 04 00 00 16 2380 
04 04 00 00 43 2400 
04 04 00 01 03 2420 
04 04 00 01 23 2440 
04 04 00 01 43 2460 
04 04 00 02 02 2480 
04 04 00 02 29 2500 
04 04 00 02 49 2520 
04 04 00 03 09 2540 
04 04 00 03 28 2560 
04 04 00 03 48 2580 
04 04 00 04 26 2600 
04 04 00 04 46 2620 
04 04 00 05 05 2640 
04 04 00 05 25 2660 
04 04 00 05 45 2680 
04 04 00 06 20 2700 
04 04 00 06 40 2720 
04 04 00 06 59 2740 
04 04 00 07 19 2760 
04 04 00 07 39 2780 
04 04 00 08 19 2800 
04 04 00 08 39 2820 
04 04 00 08 59 2840 
04 04 00 09 18 2860 
04 04 00 09 38 2880 
04 04 00 10 17 2900 
04 04 00 10 37 2920 
04 04 00 10 57 2940 
04 04 00 11 16 2960 
04 04 00 11 36 2980 
04 04 00 12 11 3000 
04 04 00 12 31 3020 
04 04 00 12 50 3040 
04 04 00 13 10 3060 
04 04 00 13 30 3080 
04 04 00 13 57 3100 
04 04 00 14 17 3120 
04 04 00 14 37 3140 
04 04 00 14 57 3160 
04 04 00 15 17 3180 
04 04 00 15 45 3200 
04 04 00 16 05 3220 
04 04 00 16 25 3240 
04 04 00 16 45 3260 
04 04 00 17 05 3280 
04 04 00 17 39 3300 
04 04 00 17 59 3320 
04 04 00 18 19 3340 
04 04 00 18 40 3360 
04 04 00 19 02 3380 
04 04 00 19 31 3400 
04 04 00 19 52 3420 
04 04 00 20 14 3440 
04 04 00 20 37 3460 
04 04 00 20 59 3480 
04 04 00 23 26 3500
