04 03 22 02 27 0 
04 03 22 02 47 20 
04 03 22 03 07 40 
04 03 22 03 27 60 
04 03 22 03 47 80 
04 03 22 04 14 100 
04 03 22 04 34 120 
04 03 22 04 55 140 
04 03 22 05 15 160 
04 03 22 05 35 180 
04 03 22 06 02 200 
04 03 22 06 22 220 
04 03 22 06 42 240 
04 03 22 07 02 260 
04 03 22 07 22 280 
04 03 22 07 49 300 
04 03 22 08 09 320 
04 03 22 08 29 340 
04 03 22 08 49 360 
04 03 22 09 09 380 
04 03 22 09 52 400 
04 03 22 10 12 420 
04 03 22 10 32 440 
04 03 22 10 51 460 
04 03 22 11 11 480 
04 03 22 11 48 500 
04 03 22 12 08 520 
04 03 22 12 28 540 
04 03 22 12 47 560 
04 03 22 13 07 580 
04 03 22 13 42 600 
04 03 22 14 02 620 
04 03 22 14 21 640 
04 03 22 14 41 660 
04 03 22 15 01 680 
04 03 22 15 36 700 
04 03 22 15 57 720 
04 03 22 16 17 740 
04 03 22 16 37 760 
04 03 22 16 57 780 
04 03 22 17 34 800 
04 03 22 17 54 820 
04 03 22 18 14 840 
04 03 22 18 33 860 
04 03 22 18 53 880 
04 03 22 19 32 900 
04 03 22 19 52 920 
04 03 22 20 12 940 
04 03 22 20 32 960 
04 03 22 20 51 980 
04 03 22 21 40 1000 
04 03 22 22 00 1020 
04 03 22 22 19 1040 
04 03 22 22 39 1060 
04 03 22 22 59 1080 
04 03 22 23 26 1100 
04 03 22 23 45 1120 
04 03 22 24 05 1140 
04 03 22 24 25 1160 
04 03 22 24 45 1180 
04 03 22 25 29 1200 
04 03 22 25 49 1220 
04 03 22 26 09 1240 
04 03 22 26 29 1260 
04 03 22 26 48 1280 
04 03 22 27 32 1300 
04 03 22 27 52 1320 
04 03 22 28 12 1340 
04 03 22 28 32 1360 
04 03 22 28 52 1380 
04 03 22 29 35 1400 
04 03 22 29 56 1420 
04 03 22 30 15 1440 
04 03 22 30 35 1460 
04 03 22 30 55 1480 
04 03 22 31 31 1500 
04 03 22 31 51 1520 
04 03 22 32 11 1540 
04 03 22 32 31 1560 
04 03 22 32 50 1580 
04 03 22 33 25 1600 
04 03 22 33 44 1620 
04 03 22 34 04 1640 
04 03 22 34 24 1660 
04 03 22 34 44 1680 
04 03 22 35 18 1700 
04 03 22 35 38 1720 
04 03 22 35 58 1740 
04 03 22 36 18 1760 
04 03 22 36 37 1780 
04 03 22 37 14 1800 
04 03 22 37 34 1820 
04 03 22 37 53 1840 
04 03 22 38 13 1860 
04 03 22 38 33 1880 
04 03 22 39 11 1900 
04 03 22 39 31 1920 
04 03 22 39 51 1940 
04 03 22 40 11 1960 
04 03 22 40 30 1980 
04 03 22 41 18 2000 
04 03 22 41 38 2020 
04 03 22 41 57 2040 
04 03 22 42 17 2060 
04 03 22 42 37 2080 
04 03 22 43 04 2100 
04 03 22 43 24 2120 
04 03 22 43 43 2140 
04 03 22 44 03 2160 
04 03 22 44 23 2180 
04 03 22 45 05 2200 
04 03 22 45 25 2220 
04 03 22 45 45 2240 
04 03 22 46 04 2260 
04 03 22 46 24 2280 
04 03 22 47 07 2300 
04 03 22 47 27 2320 
04 03 22 47 47 2340 
04 03 22 48 07 2360 
04 03 22 48 26 2380 
04 03 22 49 12 2400 
04 03 22 49 32 2420 
04 03 22 49 51 2440 
04 03 22 50 11 2460 
04 03 22 50 31 2480 
04 03 22 51 07 2500 
04 03 22 51 27 2520 
04 03 22 51 47 2540 
04 03 22 52 07 2560 
04 03 22 52 27 2580 
04 03 22 53 05 2600 
04 03 22 53 25 2620 
04 03 22 53 44 2640 
04 03 22 54 04 2660 
04 03 22 54 24 2680 
04 03 22 54 59 2700 
04 03 22 55 18 2720 
04 03 22 55 38 2740 
04 03 22 55 58 2760 
04 03 22 56 18 2780 
04 03 22 56 56 2800 
04 03 22 57 15 2820 
04 03 22 57 35 2840 
04 03 22 57 55 2860 
04 03 22 58 15 2880 
04 03 22 58 54 2900 
04 03 22 59 13 2920 
04 03 22 59 33 2940 
04 03 22 59 53 2960 
04 03 23 00 13 2980 
04 03 23 00 53 3000 
04 03 23 01 13 3020 
04 03 23 01 33 3040 
04 03 23 01 52 3060 
04 03 23 02 12 3080 
04 03 23 02 39 3100 
04 03 23 02 59 3120 
04 03 23 03 19 3140 
04 03 23 03 39 3160 
04 03 23 03 59 3180 
04 03 23 04 45 3200 
04 03 23 05 05 3220 
04 03 23 05 25 3240 
04 03 23 05 45 3260 
04 03 23 06 05 3280 
04 03 23 07 05 3300 
04 03 23 07 24 3320 
04 03 23 07 45 3340 
04 03 23 08 06 3360 
04 03 23 08 28 3380 
04 03 23 09 36 3400 
04 03 23 10 01 3420 
04 03 23 10 22 3440 
04 03 23 10 44 3460 
04 03 23 11 06 3480 
04 03 23 12 45 3500
