03 29 22 19 37 0 
03 29 22 19 57 20 
03 29 22 20 16 40 
03 29 22 20 36 60 
03 29 22 20 56 80 
03 29 22 21 39 100 
03 29 22 21 59 120 
03 29 22 22 19 140 
03 29 22 22 38 160 
03 29 22 22 58 180 
03 29 22 23 34 200 
03 29 22 23 54 220 
03 29 22 24 14 240 
03 29 22 24 34 260 
03 29 22 24 53 280 
03 29 22 25 40 300 
03 29 22 26 00 320 
03 29 22 26 20 340 
03 29 22 26 40 360 
03 29 22 27 00 380 
03 29 22 27 43 400 
03 29 22 28 02 420 
03 29 22 28 22 440 
03 29 22 28 42 460 
03 29 22 29 02 480 
03 29 22 29 39 500 
03 29 22 29 59 520 
03 29 22 30 18 540 
03 29 22 30 38 560 
03 29 22 30 58 580 
03 29 22 31 33 600 
03 29 22 31 52 620 
03 29 22 32 12 640 
03 29 22 32 32 660 
03 29 22 32 51 680 
03 29 22 33 27 700 
03 29 22 33 46 720 
03 29 22 34 06 740 
03 29 22 34 26 760 
03 29 22 34 46 780 
03 29 22 35 23 800 
03 29 22 35 43 820 
03 29 22 36 03 840 
03 29 22 36 23 860 
03 29 22 36 42 880 
03 29 22 37 22 900 
03 29 22 37 41 920 
03 29 22 38 01 940 
03 29 22 38 21 960 
03 29 22 38 41 980 
03 29 22 39 07 1000 
03 29 22 39 27 1020 
03 29 22 39 47 1040 
03 29 22 40 07 1060 
03 29 22 40 26 1080 
03 29 22 41 09 1100 
03 29 22 41 29 1120 
03 29 22 41 49 1140 
03 29 22 42 09 1160 
03 29 22 42 28 1180 
03 29 22 43 05 1200 
03 29 22 43 24 1220 
03 29 22 43 44 1240 
03 29 22 44 04 1260 
03 29 22 44 24 1280 
03 29 22 45 04 1300 
03 29 22 45 25 1320 
03 29 22 45 45 1340 
03 29 22 46 05 1360 
03 29 22 46 24 1380 
03 29 22 47 07 1400 
03 29 22 47 28 1420 
03 29 22 47 48 1440 
03 29 22 48 07 1460 
03 29 22 48 27 1480 
03 29 22 49 04 1500 
03 29 22 49 23 1520 
03 29 22 49 43 1540 
03 29 22 50 03 1560 
03 29 22 50 22 1580 
03 29 22 50 57 1600 
03 29 22 51 17 1620 
03 29 22 51 37 1640 
03 29 22 51 56 1660 
03 29 22 52 16 1680 
03 29 22 52 51 1700 
03 29 22 53 10 1720 
03 29 22 53 30 1740 
03 29 22 53 50 1760 
03 29 22 54 10 1780 
03 29 22 54 46 1800 
03 29 22 55 06 1820 
03 29 22 55 26 1840 
03 29 22 55 45 1860 
03 29 22 56 05 1880 
03 29 22 56 44 1900 
03 29 22 57 04 1920 
03 29 22 57 24 1940 
03 29 22 57 43 1960 
03 29 22 58 03 1980 
03 29 22 58 30 2000 
03 29 22 58 50 2020 
03 29 22 59 09 2040 
03 29 22 59 29 2060 
03 29 22 59 49 2080 
03 29 23 00 31 2100 
03 29 23 00 51 2120 
03 29 23 01 11 2140 
03 29 23 01 31 2160 
03 29 23 01 50 2180 
03 29 23 02 25 2200 
03 29 23 02 44 2220 
03 29 23 03 04 2240 
03 29 23 03 24 2260 
03 29 23 03 43 2280 
03 29 23 04 23 2300 
03 29 23 04 43 2320 
03 29 23 05 02 2340 
03 29 23 05 22 2360 
03 29 23 05 42 2380 
03 29 23 06 27 2400 
03 29 23 06 46 2420 
03 29 23 07 06 2440 
03 29 23 07 26 2460 
03 29 23 07 45 2480 
03 29 23 08 22 2500 
03 29 23 08 42 2520 
03 29 23 09 01 2540 
03 29 23 09 21 2560 
03 29 23 09 41 2580 
03 29 23 10 17 2600 
03 29 23 10 37 2620 
03 29 23 10 57 2640 
03 29 23 11 16 2660 
03 29 23 11 36 2680 
03 29 23 12 11 2700 
03 29 23 12 31 2720 
03 29 23 12 50 2740 
03 29 23 13 10 2760 
03 29 23 13 30 2780 
03 29 23 14 07 2800 
03 29 23 14 27 2820 
03 29 23 14 46 2840 
03 29 23 15 06 2860 
03 29 23 15 26 2880 
03 29 23 16 05 2900 
03 29 23 16 25 2920 
03 29 23 16 44 2940 
03 29 23 17 04 2960 
03 29 23 17 24 2980 
03 29 23 17 52 3000
