03 14 23 41 57 0 
03 14 23 42 17 20 
03 14 23 42 36 40 
03 14 23 42 56 60 
03 14 23 43 15 80 
03 14 23 43 57 100 
03 14 23 44 17 120 
03 14 23 44 36 140 
03 14 23 44 56 160 
03 14 23 45 16 180 
03 14 23 45 51 200 
03 14 23 46 11 220 
03 14 23 46 30 240 
03 14 23 46 50 260 
03 14 23 47 10 280 
03 14 23 47 54 300 
03 14 23 48 14 320 
03 14 23 48 33 340 
03 14 23 48 53 360 
03 14 23 49 13 380 
03 14 23 49 56 400 
03 14 23 50 16 420 
03 14 23 50 36 440 
03 14 23 50 56 460 
03 14 23 51 15 480 
03 14 23 51 52 500 
03 14 23 52 12 520 
03 14 23 52 31 540 
03 14 23 52 51 560 
03 14 23 53 11 580 
03 14 23 53 45 600 
03 14 23 54 05 620 
03 14 23 54 25 640 
03 14 23 54 44 660 
03 14 23 55 04 680 
03 14 23 55 39 700 
03 14 23 55 59 720 
03 14 23 56 18 740 
03 14 23 56 38 760 
03 14 23 56 58 780 
03 14 23 57 35 800 
03 14 23 57 55 820 
03 14 23 58 15 840 
03 14 23 58 35 860 
03 14 23 58 55 880 
03 14 23 59 34 900 
03 14 23 59 54 920 
03 15 00 00 13 940 
03 15 00 00 33 960 
03 15 00 00 53 980 
03 15 00 01 20 1000 
03 15 00 01 39 1020 
03 15 00 01 59 1040 
03 15 00 02 19 1060 
03 15 00 02 38 1080 
03 15 00 03 22 1100 
03 15 00 03 43 1120 
03 15 00 04 02 1140 
03 15 00 04 22 1160 
03 15 00 04 42 1180 
03 15 00 05 19 1200 
03 15 00 05 38 1220 
03 15 00 05 58 1240 
03 15 00 06 17 1260 
03 15 00 06 37 1280 
03 15 00 07 19 1300 
03 15 00 07 40 1320 
03 15 00 08 00 1340 
03 15 00 08 19 1360 
03 15 00 08 39 1380 
03 15 00 09 22 1400 
03 15 00 09 43 1420 
03 15 00 10 02 1440 
03 15 00 10 22 1460 
03 15 00 10 41 1480 
03 15 00 11 18 1500 
03 15 00 11 38 1520 
03 15 00 11 57 1540 
03 15 00 12 17 1560 
03 15 00 12 37 1580 
03 15 00 13 11 1600 
03 15 00 13 31 1620 
03 15 00 13 50 1640 
03 15 00 14 10 1660 
03 15 00 14 30 1680 
03 15 00 15 04 1700 
03 15 00 15 24 1720 
03 15 00 15 44 1740 
03 15 00 16 03 1760 
03 15 00 16 23 1780 
03 15 00 17 00 1800 
03 15 00 17 19 1820 
03 15 00 17 39 1840 
03 15 00 17 59 1860 
03 15 00 18 18 1880 
03 15 00 18 57 1900 
03 15 00 19 16 1920 
03 15 00 19 36 1940 
03 15 00 19 56 1960 
03 15 00 20 15 1980 
03 15 00 20 42 2000
