03 03 09 05 43 0 
03 03 09 06 03 20 
03 03 09 06 23 40 
03 03 09 06 43 60 
03 03 09 07 02 80 
03 03 09 07 44 100 
03 03 09 08 05 120 
03 03 09 08 24 140 
03 03 09 08 44 160 
03 03 09 09 04 180 
03 03 09 09 40 200 
03 03 09 09 59 220 
03 03 09 10 19 240 
03 03 09 10 39 260 
03 03 09 10 59 280 
03 03 09 11 46 300 
03 03 09 12 06 320 
03 03 09 12 25 340 
03 03 09 12 45 360 
03 03 09 13 05 380 
03 03 09 13 48 400 
03 03 09 14 08 420 
03 03 09 14 27 440 
03 03 09 14 47 460 
03 03 09 15 07 480 
03 03 09 15 43 500 
03 03 09 16 04 520 
03 03 09 16 23 540 
03 03 09 16 43 560 
03 03 09 17 03 580 
03 03 09 17 37 600 
03 03 09 17 57 620 
03 03 09 18 16 640 
03 03 09 18 36 660 
03 03 09 18 56 680 
03 03 09 19 31 700 
03 03 09 19 51 720 
03 03 09 20 11 740 
03 03 09 20 30 760 
03 03 09 20 50 780 
03 03 09 21 28 800 
03 03 09 21 47 820 
03 03 09 22 07 840 
03 03 09 22 27 860 
03 03 09 22 46 880 
03 03 09 23 25 900 
03 03 09 23 45 920 
03 03 09 24 05 940 
03 03 09 24 24 960 
03 03 09 24 44 980 
03 03 09 25 11 1000 
03 03 09 25 31 1020 
03 03 09 25 51 1040 
03 03 09 26 10 1060 
03 03 09 26 30 1080 
03 03 09 27 14 1100 
03 03 09 27 34 1120 
03 03 09 27 53 1140 
03 03 09 28 13 1160 
03 03 09 28 33 1180 
03 03 09 29 09 1200 
03 03 09 29 29 1220 
03 03 09 29 48 1240 
03 03 09 30 08 1260 
03 03 09 30 27 1280 
03 03 09 31 08 1300 
03 03 09 31 28 1320 
03 03 09 31 48 1340 
03 03 09 32 07 1360 
03 03 09 32 27 1380 
03 03 09 33 10 1400 
03 03 09 33 31 1420 
03 03 09 33 51 1440 
03 03 09 34 10 1460 
03 03 09 34 30 1480 
03 03 09 35 07 1500 
03 03 09 35 27 1520 
03 03 09 35 47 1540 
03 03 09 36 07 1560 
03 03 09 36 26 1580 
03 03 09 37 01 1600 
03 03 09 37 21 1620 
03 03 09 37 40 1640 
03 03 09 38 00 1660 
03 03 09 38 19 1680 
03 03 09 38 54 1700 
03 03 09 39 14 1720 
03 03 09 39 33 1740 
03 03 09 39 53 1760 
03 03 09 40 13 1780 
03 03 09 40 50 1800 
03 03 09 41 09 1820 
03 03 09 41 29 1840 
03 03 09 41 49 1860 
03 03 09 42 08 1880 
03 03 09 42 47 1900 
03 03 09 43 07 1920 
03 03 09 43 26 1940 
03 03 09 43 46 1960 
03 03 09 44 06 1980 
03 03 09 44 32 2000
