03 20 17 49 05 0 
03 20 18 25 38 20 
03 20 19 06 24 40 
03 20 19 50 49 60 
03 20 20 37 44 80 
03 20 21 44 23 100 
03 20 22 30 48 120 
03 20 23 16 10 140 
03 21 00 01 33 160 
03 21 00 47 38 180 
03 21 01 52 35 200 
03 21 02 37 26 220 
03 21 03 21 30 240 
03 21 04 06 03 260 
03 21 04 51 31 280 
03 21 05 55 36 300 
03 21 06 42 02 320 
03 21 07 28 41 340 
03 21 08 14 48 360 
03 21 09 01 15 380 
03 21 10 03 02 400 
03 21 10 46 21 420 
03 21 11 30 01 440 
03 21 12 15 36 460 
03 21 12 59 55 480 
03 21 14 02 16 500 
03 21 14 46 34 520 
03 21 15 29 53 540 
03 21 16 13 47 560 
03 21 16 57 54 580 
03 21 17 56 25 600 
03 21 18 40 05 620 
03 21 19 20 40 640 
03 21 20 01 49 660 
03 21 20 42 23 680 
03 21 21 35 49 700 
03 21 22 14 35 720 
03 21 22 53 29 740 
03 21 23 32 58 760 
03 22 00 14 57 780 
03 22 01 13 19 800 
03 22 01 54 44 820 
03 22 02 35 23 840 
03 22 03 15 36 860 
03 22 03 55 12 880 
03 22 04 47 10 900 
03 22 05 24 33 920 
03 22 06 03 23 940 
03 22 06 42 16 960 
03 22 07 21 20 980 
03 22 08 20 33 1000 
03 22 08 58 58 1020 
03 22 09 35 55 1040 
03 22 10 12 55 1060 
03 22 10 49 58 1080 
03 22 11 40 55 1100 
03 22 12 18 00 1120 
03 22 12 55 07 1140 
03 22 13 32 14 1160 
03 22 14 09 25 1180 
03 22 15 00 31 1200 
03 22 15 37 41 1220 
03 22 16 14 52 1240 
03 22 16 52 07 1260 
03 22 17 29 24 1280 
03 22 18 20 39 1300 
03 22 18 57 58 1320 
03 22 19 35 18 1340 
03 22 20 12 39 1360 
03 22 20 50 07 1380 
03 22 21 41 35 1400 
03 22 22 19 01 1420 
03 22 22 56 28 1440 
03 22 23 33 59 1460 
03 23 00 11 30 1480 
03 23 01 03 08 1500 
03 23 01 40 42 1520 
03 23 02 18 17 1540 
03 23 02 55 52 1560 
03 23 03 33 30 1580 
03 23 04 25 22 1600 
03 23 05 03 05 1620 
03 23 05 40 50 1640 
03 23 06 18 36 1660 
03 23 06 56 29 1680 
03 23 07 48 35 1700 
03 23 08 26 29 1720 
03 23 09 04 25 1740 
03 23 09 42 24 1760 
03 23 10 20 25 1780 
03 23 11 12 45 1800 
03 23 11 50 47 1820 
03 23 12 28 52 1840 
03 23 13 07 00 1860 
03 23 13 45 09 1880 
03 23 14 37 45 1900 
03 23 15 16 00 1920 
03 23 15 54 16 1940 
03 23 16 32 32 1960 
03 23 17 10 51 1980 
03 23 18 03 48 2000 
03 23 18 42 15 2020 
03 23 19 20 42 2040 
03 23 19 59 13 2060 
03 23 20 37 45 2080 
03 23 21 30 57 2100 
03 23 22 09 34 2120 
03 23 22 48 17 2140 
03 23 23 27 01 2160 
03 24 00 05 49 2180 
03 24 00 59 15 2200 
03 24 01 38 06 2220 
03 24 02 16 57 2240 
03 24 02 55 52 2260 
03 24 03 34 48 2280 
03 24 04 28 33 2300 
03 24 05 07 38 2320 
03 24 05 46 40 2340 
03 24 06 25 49 2360 
03 24 07 05 03 2380 
03 24 07 59 18 2400 
03 24 08 38 39 2420 
03 24 09 18 01 2440 
03 24 09 57 21 2460 
03 24 10 36 45 2480 
03 24 11 31 15 2500 
03 24 12 10 44 2520 
03 24 12 50 23 2540 
03 24 13 30 02 2560 
03 24 14 09 42 2580 
03 24 15 04 39 2600 
03 24 15 44 29 2620 
03 24 16 24 21 2640 
03 24 17 04 16 2660 
03 24 17 44 20 2680 
03 24 18 39 42 2700 
03 24 19 19 45 2720 
03 24 19 59 36 2740 
03 24 20 39 41 2760 
03 24 21 19 51 2780 
03 24 22 15 29 2800 
03 24 22 55 39 2820 
03 24 23 35 58 2840 
03 25 00 16 27 2860 
03 25 00 57 15 2880 
03 25 01 55 04 2900 
03 25 02 41 37 2920 
03 25 03 32 03 2940 
03 25 04 15 46 2960 
03 25 04 56 53 2980 
03 25 05 37 19 3000
