03 20 14 51 54 0 
03 20 14 52 14 20 
03 20 14 52 34 40 
03 20 14 52 53 60 
03 20 14 53 13 80 
03 20 14 53 56 100 
03 20 14 54 16 120 
03 20 14 54 36 140 
03 20 14 54 56 160 
03 20 14 55 15 180 
03 20 14 55 51 200 
03 20 14 56 11 220 
03 20 14 56 30 240 
03 20 14 56 50 260 
03 20 14 57 10 280 
03 20 14 57 58 300 
03 20 14 58 18 320 
03 20 14 58 38 340 
03 20 14 58 58 360 
03 20 14 59 18 380 
03 20 15 00 01 400 
03 20 15 00 21 420 
03 20 15 00 41 440 
03 20 15 01 01 460 
03 20 15 01 21 480 
03 20 15 01 58 500 
03 20 15 02 18 520 
03 20 15 02 37 540 
03 20 15 02 57 560 
03 20 15 03 17 580 
03 20 15 03 52 600 
03 20 15 04 12 620 
03 20 15 04 31 640 
03 20 15 04 51 660 
03 20 15 05 11 680 
03 20 15 05 46 700 
03 20 15 06 06 720 
03 20 15 06 26 740 
03 20 15 06 46 760 
03 20 15 07 06 780 
03 20 15 07 43 800 
03 20 15 08 03 820 
03 20 15 08 23 840 
03 20 15 08 43 860 
03 20 15 09 02 880 
03 20 15 09 42 900 
03 20 15 10 02 920 
03 20 15 10 22 940 
03 20 15 10 42 960 
03 20 15 11 02 980 
03 20 15 11 29 1000 
03 20 15 11 49 1020 
03 20 15 12 09 1040 
03 20 15 12 29 1060 
03 20 15 12 49 1080 
03 20 15 13 33 1100 
03 20 15 13 54 1120 
03 20 15 14 13 1140 
03 20 15 14 33 1160 
03 20 15 14 53 1180 
03 20 15 15 28 1200 
03 20 15 15 48 1220 
03 20 15 16 08 1240 
03 20 15 16 28 1260 
03 20 15 16 47 1280 
03 20 15 17 28 1300 
03 20 15 17 49 1320 
03 20 15 18 09 1340 
03 20 15 18 29 1360 
03 20 15 18 48 1380 
03 20 15 19 31 1400 
03 20 15 19 52 1420 
03 20 15 20 11 1440 
03 20 15 20 31 1460 
03 20 15 20 51 1480 
03 20 15 21 28 1500 
03 20 15 21 47 1520 
03 20 15 22 07 1540 
03 20 15 22 27 1560 
03 20 15 22 46 1580 
03 20 15 23 21 1600 
03 20 15 23 41 1620 
03 20 15 24 00 1640 
03 20 15 24 20 1660 
03 20 15 24 40 1680 
03 20 15 25 15 1700 
03 20 15 25 35 1720 
03 20 15 25 54 1740 
03 20 15 26 14 1760 
03 20 15 26 34 1780 
03 20 15 27 10 1800 
03 20 15 27 30 1820 
03 20 15 27 50 1840 
03 20 15 28 09 1860 
03 20 15 28 29 1880 
03 20 15 29 08 1900 
03 20 15 29 28 1920 
03 20 15 29 48 1940 
03 20 15 30 08 1960 
03 20 15 30 28 1980 
03 20 15 30 54 2000 
03 20 15 31 14 2020 
03 20 15 31 34 2040 
03 20 15 31 54 2060 
03 20 15 32 14 2080 
03 20 15 32 56 2100 
03 20 15 33 16 2120 
03 20 15 33 36 2140 
03 20 15 33 55 2160 
03 20 15 34 15 2180 
03 20 15 34 49 2200 
03 20 15 35 09 2220 
03 20 15 35 28 2240 
03 20 15 35 48 2260 
03 20 15 36 08 2280 
03 20 15 36 49 2300 
03 20 15 37 09 2320 
03 20 15 37 28 2340 
03 20 15 37 48 2360 
03 20 15 38 08 2380 
03 20 15 38 53 2400 
03 20 15 39 13 2420 
03 20 15 39 33 2440 
03 20 15 39 52 2460 
03 20 15 40 12 2480 
03 20 15 40 49 2500 
03 20 15 41 08 2520 
03 20 15 41 28 2540 
03 20 15 41 48 2560 
03 20 15 42 08 2580 
03 20 15 42 44 2600 
03 20 15 43 04 2620 
03 20 15 43 24 2640 
03 20 15 43 43 2660 
03 20 15 44 03 2680 
03 20 15 44 38 2700 
03 20 15 44 58 2720 
03 20 15 45 18 2740 
03 20 15 45 37 2760 
03 20 15 45 57 2780 
03 20 15 46 35 2800 
03 20 15 46 54 2820 
03 20 15 47 14 2840 
03 20 15 47 34 2860 
03 20 15 47 53 2880 
03 20 15 48 33 2900 
03 20 15 48 53 2920 
03 20 15 49 13 2940 
03 20 15 49 32 2960 
03 20 15 49 52 2980 
03 20 15 50 23 3000
