04 07 15 39 49 0 
04 07 15 40 09 20 
04 07 15 40 29 40 
04 07 15 40 48 60 
04 07 15 41 08 80 
04 07 15 41 35 100 
04 07 15 41 55 120 
04 07 15 42 15 140 
04 07 15 42 35 160 
04 07 15 42 55 180 
04 07 15 43 22 200 
04 07 15 43 42 220 
04 07 15 44 02 240 
04 07 15 44 21 260 
04 07 15 44 41 280 
04 07 15 45 08 300 
04 07 15 45 28 320 
04 07 15 45 48 340 
04 07 15 46 08 360 
04 07 15 46 28 380 
04 07 15 46 56 400 
04 07 15 47 16 420 
04 07 15 47 36 440 
04 07 15 47 56 460 
04 07 15 48 16 480 
04 07 15 48 43 500 
04 07 15 49 03 520 
04 07 15 49 23 540 
04 07 15 49 43 560 
04 07 15 50 03 580 
04 07 15 50 37 600 
04 07 15 50 57 620 
04 07 15 51 17 640 
04 07 15 51 37 660 
04 07 15 51 56 680 
04 07 15 52 32 700 
04 07 15 52 52 720 
04 07 15 53 12 740 
04 07 15 53 31 760 
04 07 15 53 51 780 
04 07 15 54 31 800 
04 07 15 54 50 820 
04 07 15 55 10 840 
04 07 15 55 30 860 
04 07 15 55 50 880 
04 07 15 56 29 900 
04 07 15 56 49 920 
04 07 15 57 09 940 
04 07 15 57 29 960 
04 07 15 57 49 980 
04 07 15 58 17 1000 
04 07 15 58 37 1020 
04 07 15 58 56 1040 
04 07 15 59 16 1060 
04 07 15 59 36 1080 
04 07 16 00 03 1100 
04 07 16 00 22 1120 
04 07 16 00 42 1140 
04 07 16 01 02 1160 
04 07 16 01 22 1180 
04 07 16 01 48 1200 
04 07 16 02 08 1220 
04 07 16 02 28 1240 
04 07 16 02 48 1260 
04 07 16 03 07 1280 
04 07 16 03 34 1300 
04 07 16 03 54 1320 
04 07 16 04 14 1340 
04 07 16 04 34 1360 
04 07 16 04 54 1380 
04 07 16 05 20 1400 
04 07 16 05 40 1420 
04 07 16 06 00 1440 
04 07 16 06 20 1460 
04 07 16 06 40 1480 
04 07 16 07 06 1500 
04 07 16 07 26 1520 
04 07 16 07 46 1540 
04 07 16 08 06 1560 
04 07 16 08 26 1580 
04 07 16 09 00 1600 
04 07 16 09 20 1620 
04 07 16 09 40 1640 
04 07 16 09 59 1660 
04 07 16 10 19 1680 
04 07 16 10 54 1700 
04 07 16 11 14 1720 
04 07 16 11 34 1740 
04 07 16 11 53 1760 
04 07 16 12 13 1780 
04 07 16 12 51 1800 
04 07 16 13 11 1820 
04 07 16 13 31 1840 
04 07 16 13 51 1860 
04 07 16 14 10 1880 
04 07 16 14 49 1900 
04 07 16 15 09 1920 
04 07 16 15 29 1940 
04 07 16 15 49 1960 
04 07 16 16 09 1980 
04 07 16 16 36 2000 
04 07 16 16 56 2020 
04 07 16 17 16 2040 
04 07 16 17 36 2060 
04 07 16 17 55 2080 
04 07 16 18 22 2100 
04 07 16 18 42 2120 
04 07 16 19 02 2140 
04 07 16 19 21 2160 
04 07 16 19 41 2180 
04 07 16 20 08 2200 
04 07 16 20 28 2220 
04 07 16 20 47 2240 
04 07 16 21 07 2260 
04 07 16 21 27 2280 
04 07 16 21 53 2300 
04 07 16 22 13 2320 
04 07 16 22 33 2340 
04 07 16 22 53 2360 
04 07 16 23 13 2380 
04 07 16 23 40 2400 
04 07 16 24 00 2420 
04 07 16 24 19 2440 
04 07 16 24 39 2460 
04 07 16 24 59 2480 
04 07 16 25 25 2500 
04 07 16 25 45 2520 
04 07 16 26 05 2540 
04 07 16 26 25 2560 
04 07 16 26 45 2580 
04 07 16 27 22 2600 
04 07 16 27 42 2620 
04 07 16 28 01 2640 
04 07 16 28 21 2660 
04 07 16 28 41 2680 
04 07 16 29 16 2700 
04 07 16 29 36 2720 
04 07 16 29 56 2740 
04 07 16 30 15 2760 
04 07 16 30 35 2780 
04 07 16 31 15 2800 
04 07 16 31 35 2820 
04 07 16 31 55 2840 
04 07 16 32 14 2860 
04 07 16 32 34 2880 
04 07 16 33 13 2900 
04 07 16 33 33 2920 
04 07 16 33 53 2940 
04 07 16 34 13 2960 
04 07 16 34 32 2980 
04 07 16 35 00 3000 
04 07 16 35 20 3020 
04 07 16 35 40 3040 
04 07 16 36 00 3060 
04 07 16 36 20 3080 
04 07 16 36 47 3100 
04 07 16 37 07 3120 
04 07 16 37 26 3140 
04 07 16 37 47 3160 
04 07 16 38 06 3180 
04 07 16 38 33 3200 
04 07 16 38 53 3220 
04 07 16 39 13 3240 
04 07 16 39 33 3260 
04 07 16 39 53 3280 
04 07 16 40 20 3300 
04 07 16 40 40 3320 
04 07 16 41 00 3340 
04 07 16 41 22 3360 
04 07 16 41 44 3380 
04 07 16 42 13 3400 
04 07 16 42 34 3420 
04 07 16 42 56 3440 
04 07 16 43 18 3460 
04 07 16 43 39 3480 
04 07 16 44 09 3500 
04 07 16 44 30 3520 
04 07 16 44 51 3540 
04 07 16 45 12 3560 
04 07 16 45 35 3580 
04 07 16 46 37 3600 
04 07 16 47 01 3620 
04 07 16 47 23 3640 
04 07 16 47 44 3660 
04 07 16 48 08 3680 
04 07 16 49 07 3700 
04 07 16 49 30 3720 
04 07 16 49 51 3740 
04 07 16 50 13 3760 
04 07 16 50 36 3780 
04 07 16 51 38 3800 
04 07 16 52 00 3820 
04 07 16 52 22 3840 
04 07 16 52 44 3860 
04 07 16 53 07 3880 
04 07 16 54 02 3900 
04 07 16 54 24 3920 
04 07 16 54 46 3940 
04 07 16 55 07 3960 
04 07 16 55 28 3980 
04 07 16 55 56 4000 
04 07 16 56 18 4020 
04 07 16 56 40 4040 
04 07 16 57 02 4060 
04 07 16 57 23 4080 
04 07 16 57 51 4100 
04 07 16 58 11 4120 
04 07 16 58 31 4140 
04 07 16 58 54 4160 
04 07 16 59 14 4180 
04 07 16 59 42 4200 
04 07 17 00 03 4220 
04 07 17 00 24 4240 
04 07 17 00 45 4260 
04 07 17 01 07 4280 
04 07 17 01 35 4300 
04 07 17 01 55 4320 
04 07 17 02 16 4340 
04 07 17 02 37 4360 
04 07 17 02 58 4380 
04 07 17 03 26 4400 
04 07 17 03 47 4420 
04 07 17 04 07 4440 
04 07 17 04 28 4460 
04 07 17 04 48 4480 
04 07 17 05 15 4500 
04 07 17 05 35 4520 
04 07 17 05 55 4540 
04 07 17 06 15 4560 
04 07 17 06 35 4580 
04 07 17 07 09 4600 
04 07 17 07 29 4620 
04 07 17 07 49 4640 
04 07 17 08 08 4660 
04 07 17 08 28 4680 
04 07 17 09 04 4700 
04 07 17 09 23 4720 
04 07 17 09 43 4740 
04 07 17 10 03 4760 
04 07 17 10 22 4780 
04 07 17 11 07 4800 
04 07 17 11 27 4820 
04 07 17 11 47 4840 
04 07 17 12 07 4860 
04 07 17 12 27 4880 
04 07 17 13 05 4900 
04 07 17 13 25 4920 
04 07 17 13 45 4940 
04 07 17 14 05 4960 
04 07 17 14 25 4980 
04 07 17 14 53 5000 
04 07 17 15 12 5020 
04 07 17 15 32 5040 
04 07 17 15 52 5060 
04 07 17 16 12 5080 
04 07 17 16 38 5100 
04 07 17 16 58 5120 
04 07 17 17 18 5140 
04 07 17 17 38 5160 
04 07 17 17 57 5180 
04 07 17 18 24 5200 
04 07 17 18 44 5220 
04 07 17 19 04 5240 
04 07 17 19 23 5260 
04 07 17 19 43 5280 
04 07 17 20 10 5300 
04 07 17 20 30 5320 
04 07 17 20 50 5340 
04 07 17 21 10 5360 
04 07 17 21 29 5380 
04 07 17 21 56 5400 
04 07 17 22 16 5420 
04 07 17 22 36 5440 
04 07 17 22 55 5460 
04 07 17 23 15 5480 
04 07 17 23 42 5500 
04 07 17 24 02 5520 
04 07 17 24 22 5540 
04 07 17 24 41 5560 
04 07 17 25 01 5580 
04 07 17 25 35 5600 
04 07 17 25 55 5620 
04 07 17 26 15 5640 
04 07 17 26 34 5660 
04 07 17 26 54 5680 
04 07 17 27 29 5700 
04 07 17 27 49 5720 
04 07 17 28 09 5740 
04 07 17 28 28 5760 
04 07 17 28 48 5780 
04 07 17 29 26 5800 
04 07 17 29 46 5820 
04 07 17 30 06 5840 
04 07 17 30 25 5860 
04 07 17 30 45 5880 
04 07 17 31 24 5900 
04 07 17 31 43 5920 
04 07 17 32 03 5940 
04 07 17 32 23 5960 
04 07 17 32 43 5980 
04 07 17 34 18 6000
