04 06 20 03 13 0 
04 06 20 03 33 20 
04 06 20 03 53 40 
04 06 20 04 13 60 
04 06 20 04 33 80 
04 06 20 05 16 100 
04 06 20 05 36 120 
04 06 20 05 56 140 
04 06 20 06 16 160 
04 06 20 06 36 180 
04 06 20 07 20 200 
04 06 20 07 40 220 
04 06 20 08 00 240 
04 06 20 08 19 260 
04 06 20 08 39 280 
04 06 20 09 22 300 
04 06 20 09 42 320 
04 06 20 10 01 340 
04 06 20 10 21 360 
04 06 20 10 41 380 
04 06 20 11 09 400 
04 06 20 11 29 420 
04 06 20 11 49 440 
04 06 20 12 09 460 
04 06 20 12 29 480 
04 06 20 12 56 500 
04 06 20 13 16 520 
04 06 20 13 36 540 
04 06 20 13 55 560 
04 06 20 14 15 580 
04 06 20 14 50 600 
04 06 20 15 09 620 
04 06 20 15 29 640 
04 06 20 15 49 660 
04 06 20 16 09 680 
04 06 20 16 44 700 
04 06 20 17 03 720 
04 06 20 17 23 740 
04 06 20 17 43 760 
04 06 20 18 03 780 
04 06 20 18 42 800 
04 06 20 19 02 820 
04 06 20 19 21 840 
04 06 20 19 41 860 
04 06 20 20 01 880 
04 06 20 20 40 900 
04 06 20 21 00 920 
04 06 20 21 19 940 
04 06 20 21 39 960 
04 06 20 21 59 980 
04 06 20 22 50 1000 
04 06 20 23 10 1020 
04 06 20 23 30 1040 
04 06 20 23 49 1060 
04 06 20 24 09 1080 
04 06 20 24 36 1100 
04 06 20 24 56 1120 
04 06 20 25 16 1140 
04 06 20 25 36 1160 
04 06 20 25 55 1180 
04 06 20 26 22 1200 
04 06 20 26 42 1220 
04 06 20 27 02 1240 
04 06 20 27 22 1260 
04 06 20 27 41 1280 
04 06 20 28 08 1300 
04 06 20 28 28 1320 
04 06 20 28 48 1340 
04 06 20 29 07 1360 
04 06 20 29 27 1380 
04 06 20 29 55 1400 
04 06 20 30 15 1420 
04 06 20 30 34 1440 
04 06 20 30 54 1460 
04 06 20 31 14 1480 
04 06 20 31 40 1500 
04 06 20 32 00 1520 
04 06 20 32 20 1540 
04 06 20 32 40 1560 
04 06 20 32 59 1580 
04 06 20 33 34 1600 
04 06 20 33 54 1620 
04 06 20 34 13 1640 
04 06 20 34 33 1660 
04 06 20 34 53 1680 
04 06 20 35 28 1700 
04 06 20 35 47 1720 
04 06 20 36 07 1740 
04 06 20 36 27 1760 
04 06 20 36 46 1780 
04 06 20 37 25 1800 
04 06 20 37 44 1820 
04 06 20 38 04 1840 
04 06 20 38 24 1860 
04 06 20 38 43 1880 
04 06 20 39 22 1900 
04 06 20 39 43 1920 
04 06 20 40 03 1940 
04 06 20 40 23 1960 
04 06 20 40 42 1980 
04 06 20 41 31 2000 
04 06 20 41 51 2020 
04 06 20 42 10 2040 
04 06 20 42 30 2060 
04 06 20 42 50 2080 
04 06 20 43 16 2100 
04 06 20 43 36 2120 
04 06 20 43 56 2140 
04 06 20 44 16 2160 
04 06 20 44 35 2180 
04 06 20 45 02 2200 
04 06 20 45 22 2220 
04 06 20 45 42 2240 
04 06 20 46 02 2260 
04 06 20 46 21 2280 
04 06 20 46 48 2300 
04 06 20 47 08 2320 
04 06 20 47 28 2340 
04 06 20 47 47 2360 
04 06 20 48 07 2380 
04 06 20 48 34 2400 
04 06 20 48 54 2420 
04 06 20 49 14 2440 
04 06 20 49 34 2460 
04 06 20 49 54 2480 
04 06 20 50 20 2500 
04 06 20 50 40 2520 
04 06 20 51 00 2540 
04 06 20 51 20 2560 
04 06 20 51 40 2580 
04 06 20 52 17 2600 
04 06 20 52 37 2620 
04 06 20 52 57 2640 
04 06 20 53 17 2660 
04 06 20 53 36 2680 
04 06 20 54 12 2700 
04 06 20 54 31 2720 
04 06 20 54 51 2740 
04 06 20 55 11 2760 
04 06 20 55 30 2780 
04 06 20 56 09 2800 
04 06 20 56 29 2820 
04 06 20 56 49 2840 
04 06 20 57 09 2860 
04 06 20 57 28 2880 
04 06 20 58 07 2900 
04 06 20 58 27 2920 
04 06 20 58 47 2940 
04 06 20 59 07 2960 
04 06 20 59 26 2980 
04 06 21 00 07 3000 
04 06 21 00 27 3020 
04 06 21 00 46 3040 
04 06 21 01 06 3060 
04 06 21 01 26 3080 
04 06 21 01 52 3100 
04 06 21 02 12 3120 
04 06 21 02 32 3140 
04 06 21 02 52 3160 
04 06 21 03 12 3180 
04 06 21 03 39 3200 
04 06 21 03 59 3220 
04 06 21 04 19 3240 
04 06 21 04 39 3260 
04 06 21 04 58 3280 
04 06 21 05 25 3300 
04 06 21 05 45 3320 
04 06 21 06 06 3340 
04 06 21 06 27 3360 
04 06 21 06 48 3380 
04 06 21 07 20 3400 
04 06 21 07 41 3420 
04 06 21 08 03 3440 
04 06 21 08 26 3460 
04 06 21 08 47 3480 
04 06 21 09 17 3500 
04 06 21 09 38 3520 
04 06 21 09 59 3540 
04 06 21 10 20 3560 
04 06 21 10 43 3580 
04 06 21 11 49 3600 
04 06 21 12 13 3620 
04 06 21 12 35 3640 
04 06 21 12 56 3660 
04 06 21 13 20 3680 
04 06 21 14 16 3700 
04 06 21 14 39 3720 
04 06 21 15 00 3740 
04 06 21 15 22 3760 
04 06 21 15 45 3780 
04 06 21 16 48 3800 
04 06 21 17 10 3820 
04 06 21 17 32 3840 
04 06 21 17 54 3860 
04 06 21 18 16 3880 
04 06 21 19 13 3900 
04 06 21 19 36 3920 
04 06 21 19 58 3940 
04 06 21 20 19 3960 
04 06 21 20 39 3980 
04 06 21 21 33 4000 
04 06 21 21 55 4020 
04 06 21 22 17 4040 
04 06 21 22 38 4060 
04 06 21 22 59 4080 
04 06 21 23 27 4100 
04 06 21 23 47 4120 
04 06 21 24 08 4140 
04 06 21 24 30 4160 
04 06 21 24 51 4180 
04 06 21 25 19 4200 
04 06 21 25 40 4220 
04 06 21 26 01 4240 
04 06 21 26 22 4260 
04 06 21 26 44 4280 
04 06 21 27 11 4300 
04 06 21 27 32 4320 
04 06 21 27 52 4340 
04 06 21 28 13 4360 
04 06 21 28 34 4380 
04 06 21 29 04 4400 
04 06 21 29 25 4420 
04 06 21 29 45 4440 
04 06 21 30 06 4460 
04 06 21 30 26 4480 
04 06 21 30 54 4500 
04 06 21 31 14 4520 
04 06 21 31 34 4540 
04 06 21 31 54 4560 
04 06 21 32 14 4580 
04 06 21 32 48 4600 
04 06 21 33 08 4620 
04 06 21 33 28 4640 
04 06 21 33 48 4660 
04 06 21 34 08 4680 
04 06 21 34 43 4700 
04 06 21 35 02 4720 
04 06 21 35 22 4740 
04 06 21 35 42 4760 
04 06 21 36 01 4780 
04 06 21 36 44 4800 
04 06 21 37 03 4820 
04 06 21 37 23 4840 
04 06 21 37 43 4860 
04 06 21 38 03 4880 
04 06 21 38 42 4900 
04 06 21 39 02 4920 
04 06 21 39 22 4940 
04 06 21 39 42 4960 
04 06 21 40 02 4980 
04 06 21 40 42 5000 
04 06 21 41 02 5020 
04 06 21 41 22 5040 
04 06 21 41 41 5060 
04 06 21 42 01 5080 
04 06 21 42 28 5100 
04 06 21 42 48 5120 
04 06 21 43 07 5140 
04 06 21 43 27 5160 
04 06 21 43 47 5180 
04 06 21 44 14 5200 
04 06 21 44 33 5220 
04 06 21 44 53 5240 
04 06 21 45 13 5260 
04 06 21 45 32 5280 
04 06 21 45 59 5300 
04 06 21 46 19 5320 
04 06 21 46 39 5340 
04 06 21 46 58 5360 
04 06 21 47 18 5380 
04 06 21 47 46 5400 
04 06 21 48 06 5420 
04 06 21 48 26 5440 
04 06 21 48 46 5460 
04 06 21 49 05 5480 
04 06 21 51 41 5500
