04 05 10 38 47 0 
04 05 10 39 07 20 
04 05 10 39 27 40 
04 05 10 39 47 60 
04 05 10 40 07 80 
04 05 10 40 41 100 
04 05 10 41 01 120 
04 05 10 41 21 140 
04 05 10 41 41 160 
04 05 10 42 01 180 
04 05 10 42 27 200 
04 05 10 42 47 220 
04 05 10 43 08 240 
04 05 10 43 28 260 
04 05 10 43 48 280 
04 05 10 44 14 300 
04 05 10 44 34 320 
04 05 10 44 54 340 
04 05 10 45 14 360 
04 05 10 45 34 380 
04 05 10 46 00 400 
04 05 10 46 20 420 
04 05 10 46 40 440 
04 05 10 47 00 460 
04 05 10 47 20 480 
04 05 10 47 46 500 
04 05 10 48 06 520 
04 05 10 48 27 540 
04 05 10 48 46 560 
04 05 10 49 06 580 
04 05 10 49 41 600 
04 05 10 50 01 620 
04 05 10 50 20 640 
04 05 10 50 40 660 
04 05 10 51 00 680 
04 05 10 51 35 700 
04 05 10 51 55 720 
04 05 10 52 15 740 
04 05 10 52 35 760 
04 05 10 52 54 780 
04 05 10 53 33 800 
04 05 10 53 53 820 
04 05 10 54 13 840 
04 05 10 54 33 860 
04 05 10 54 52 880 
04 05 10 55 31 900 
04 05 10 55 51 920 
04 05 10 56 11 940 
04 05 10 56 31 960 
04 05 10 56 51 980 
04 05 10 57 18 1000 
04 05 10 57 38 1020 
04 05 10 57 58 1040 
04 05 10 58 18 1060 
04 05 10 58 37 1080 
04 05 10 59 06 1100 
04 05 10 59 26 1120 
04 05 10 59 45 1140 
04 05 11 00 05 1160 
04 05 11 00 25 1180 
04 05 11 00 51 1200 
04 05 11 01 11 1220 
04 05 11 01 31 1240 
04 05 11 01 51 1260 
04 05 11 02 10 1280 
04 05 11 02 37 1300 
04 05 11 02 57 1320 
04 05 11 03 17 1340 
04 05 11 03 37 1360 
04 05 11 03 57 1380 
04 05 11 04 23 1400 
04 05 11 04 43 1420 
04 05 11 05 03 1440 
04 05 11 05 22 1460 
04 05 11 05 42 1480 
04 05 11 06 09 1500 
04 05 11 06 29 1520 
04 05 11 06 49 1540 
04 05 11 07 09 1560 
04 05 11 07 29 1580 
04 05 11 08 03 1600 
04 05 11 08 23 1620 
04 05 11 08 43 1640 
04 05 11 09 03 1660 
04 05 11 09 23 1680 
04 05 11 09 57 1700 
04 05 11 10 17 1720 
04 05 11 10 37 1740 
04 05 11 10 57 1760 
04 05 11 11 16 1780 
04 05 11 11 55 1800 
04 05 11 12 15 1820 
04 05 11 12 35 1840 
04 05 11 12 55 1860 
04 05 11 13 14 1880 
04 05 11 13 53 1900 
04 05 11 14 13 1920 
04 05 11 14 33 1940 
04 05 11 14 53 1960 
04 05 11 15 13 1980 
04 05 11 15 39 2000 
04 05 11 15 59 2020 
04 05 11 16 19 2040 
04 05 11 16 39 2060 
04 05 11 16 59 2080 
04 05 11 17 27 2100 
04 05 11 17 46 2120 
04 05 11 18 06 2140 
04 05 11 18 26 2160 
04 05 11 18 45 2180 
04 05 11 19 12 2200 
04 05 11 19 32 2220 
04 05 11 19 52 2240 
04 05 11 20 12 2260 
04 05 11 20 31 2280 
04 05 11 20 58 2300 
04 05 11 21 18 2320 
04 05 11 21 38 2340 
04 05 11 21 58 2360 
04 05 11 22 18 2380 
04 05 11 22 44 2400 
04 05 11 23 04 2420 
04 05 11 23 24 2440 
04 05 11 23 44 2460 
04 05 11 24 03 2480 
04 05 11 24 30 2500 
04 05 11 24 50 2520 
04 05 11 25 10 2540 
04 05 11 25 30 2560 
04 05 11 25 49 2580 
04 05 11 26 27 2600 
04 05 11 26 47 2620 
04 05 11 27 07 2640 
04 05 11 27 27 2660 
04 05 11 27 46 2680 
04 05 11 28 21 2700 
04 05 11 28 41 2720 
04 05 11 29 01 2740 
04 05 11 29 20 2760 
04 05 11 29 40 2780 
04 05 11 30 20 2800 
04 05 11 30 39 2820 
04 05 11 30 59 2840 
04 05 11 31 19 2860 
04 05 11 31 39 2880 
04 05 11 32 18 2900 
04 05 11 32 38 2920 
04 05 11 32 57 2940 
04 05 11 33 17 2960 
04 05 11 33 37 2980 
04 05 11 34 03 3000 
04 05 11 34 23 3020 
04 05 11 34 43 3040 
04 05 11 35 03 3060 
04 05 11 35 23 3080 
04 05 11 35 51 3100 
04 05 11 36 11 3120 
04 05 11 36 31 3140 
04 05 11 36 51 3160 
04 05 11 37 11 3180 
04 05 11 37 37 3200 
04 05 11 37 57 3220 
04 05 11 38 17 3240 
04 05 11 38 37 3260 
04 05 11 38 57 3280 
04 05 11 39 24 3300 
04 05 11 39 44 3320 
04 05 11 40 04 3340 
04 05 11 40 26 3360 
04 05 11 40 48 3380 
04 05 11 41 17 3400 
04 05 11 41 38 3420 
04 05 11 42 00 3440 
04 05 11 42 22 3460 
04 05 11 42 43 3480 
04 05 11 43 13 3500 
04 05 11 43 33 3520 
04 05 11 43 54 3540 
04 05 11 44 17 3560 
04 05 11 44 40 3580 
04 05 11 45 37 3600 
04 05 11 46 02 3620 
04 05 11 46 24 3640 
04 05 11 46 45 3660 
04 05 11 47 09 3680 
04 05 11 48 08 3700 
04 05 11 48 30 3720 
04 05 11 48 51 3740 
04 05 11 49 13 3760 
04 05 11 49 36 3780 
04 05 11 50 41 3800 
04 05 11 51 03 3820 
04 05 11 51 24 3840 
04 05 11 51 46 3860 
04 05 11 52 09 3880 
04 05 11 53 04 3900 
04 05 11 53 26 3920 
04 05 11 53 48 3940 
04 05 11 54 09 3960 
04 05 11 54 30 3980 
04 05 11 54 58 4000 
04 05 11 55 20 4020 
04 05 11 55 42 4040 
04 05 11 56 03 4060 
04 05 11 56 24 4080 
04 05 11 56 53 4100 
04 05 11 57 13 4120 
04 05 11 57 34 4140 
04 05 11 57 56 4160 
04 05 11 58 17 4180 
04 05 11 58 45 4200 
04 05 11 59 06 4220 
04 05 11 59 28 4240 
04 05 11 59 49 4260 
04 05 12 00 10 4280 
04 05 12 00 38 4300 
04 05 12 00 58 4320 
04 05 12 01 19 4340 
04 05 12 01 39 4360 
04 05 12 02 01 4380 
04 05 12 02 30 4400 
04 05 12 02 50 4420 
04 05 12 03 11 4440 
04 05 12 03 31 4460 
04 05 12 03 51 4480 
04 05 12 04 19 4500 
04 05 12 04 39 4520 
04 05 12 04 58 4540 
04 05 12 05 18 4560 
04 05 12 05 38 4580 
04 05 12 06 12 4600 
04 05 12 06 32 4620 
04 05 12 06 52 4640 
04 05 12 07 12 4660 
04 05 12 07 32 4680 
04 05 12 08 07 4700 
04 05 12 08 27 4720 
04 05 12 08 47 4740 
04 05 12 09 07 4760 
04 05 12 09 27 4780 
04 05 12 10 06 4800 
04 05 12 10 26 4820 
04 05 12 10 45 4840 
04 05 12 11 05 4860 
04 05 12 11 25 4880 
04 05 12 12 04 4900 
04 05 12 12 24 4920 
04 05 12 12 43 4940 
04 05 12 13 03 4960 
04 05 12 13 23 4980 
04 05 12 15 08 5000
