04 04 21 17 37 0 
04 04 21 17 57 20 
04 04 21 18 17 40 
04 04 21 18 37 60 
04 04 21 18 57 80 
04 04 21 19 24 100 
04 04 21 19 44 120 
04 04 21 20 04 140 
04 04 21 20 24 160 
04 04 21 20 44 180 
04 04 21 21 11 200 
04 04 21 21 31 220 
04 04 21 21 51 240 
04 04 21 22 11 260 
04 04 21 22 31 280 
04 04 21 22 58 300 
04 04 21 23 17 320 
04 04 21 23 37 340 
04 04 21 23 57 360 
04 04 21 24 17 380 
04 04 21 24 43 400 
04 04 21 25 04 420 
04 04 21 25 24 440 
04 04 21 25 44 460 
04 04 21 26 04 480 
04 04 21 26 30 500 
04 04 21 26 50 520 
04 04 21 27 10 540 
04 04 21 27 30 560 
04 04 21 27 49 580 
04 04 21 28 24 600 
04 04 21 28 44 620 
04 04 21 29 04 640 
04 04 21 29 24 660 
04 04 21 29 43 680 
04 04 21 30 18 700 
04 04 21 30 38 720 
04 04 21 30 58 740 
04 04 21 31 18 760 
04 04 21 31 38 780 
04 04 21 32 16 800 
04 04 21 32 36 820 
04 04 21 32 56 840 
04 04 21 33 16 860 
04 04 21 33 36 880 
04 04 21 34 15 900 
04 04 21 34 35 920 
04 04 21 34 55 940 
04 04 21 35 15 960 
04 04 21 35 35 980 
04 04 21 36 02 1000 
04 04 21 36 22 1020 
04 04 21 36 42 1040 
04 04 21 37 01 1060 
04 04 21 37 21 1080 
04 04 21 37 48 1100 
04 04 21 38 08 1120 
04 04 21 38 27 1140 
04 04 21 38 47 1160 
04 04 21 39 07 1180 
04 04 21 39 33 1200 
04 04 21 39 53 1220 
04 04 21 40 13 1240 
04 04 21 40 33 1260 
04 04 21 40 53 1280 
04 04 21 41 19 1300 
04 04 21 41 39 1320 
04 04 21 41 59 1340 
04 04 21 42 19 1360 
04 04 21 42 39 1380 
04 04 21 43 05 1400 
04 04 21 43 25 1420 
04 04 21 43 45 1440 
04 04 21 44 05 1460 
04 04 21 44 24 1480 
04 04 21 44 51 1500 
04 04 21 45 11 1520 
04 04 21 45 31 1540 
04 04 21 45 51 1560 
04 04 21 46 11 1580 
04 04 21 46 45 1600 
04 04 21 47 05 1620 
04 04 21 47 25 1640 
04 04 21 47 45 1660 
04 04 21 48 04 1680 
04 04 21 48 39 1700 
04 04 21 48 59 1720 
04 04 21 49 19 1740 
04 04 21 49 39 1760 
04 04 21 49 58 1780 
04 04 21 50 36 1800 
04 04 21 50 56 1820 
04 04 21 51 16 1840 
04 04 21 51 35 1860 
04 04 21 51 55 1880 
04 04 21 52 34 1900 
04 04 21 52 54 1920 
04 04 21 53 13 1940 
04 04 21 53 33 1960 
04 04 21 53 53 1980 
04 04 21 54 19 2000 
04 04 21 54 39 2020 
04 04 21 54 59 2040 
04 04 21 55 19 2060 
04 04 21 55 39 2080 
04 04 21 56 06 2100 
04 04 21 56 26 2120 
04 04 21 56 45 2140 
04 04 21 57 05 2160 
04 04 21 57 25 2180 
04 04 21 57 51 2200 
04 04 21 58 11 2220 
04 04 21 58 31 2240 
04 04 21 58 51 2260 
04 04 21 59 10 2280 
04 04 21 59 37 2300 
04 04 21 59 57 2320 
04 04 22 00 17 2340 
04 04 22 00 36 2360 
04 04 22 00 56 2380 
04 04 22 01 23 2400 
04 04 22 01 43 2420 
04 04 22 02 03 2440 
04 04 22 02 22 2460 
04 04 22 02 42 2480 
04 04 22 03 09 2500 
04 04 22 03 29 2520 
04 04 22 03 49 2540 
04 04 22 04 08 2560 
04 04 22 04 28 2580 
04 04 22 05 05 2600 
04 04 22 05 25 2620 
04 04 22 05 44 2640 
04 04 22 06 04 2660 
04 04 22 06 24 2680 
04 04 22 06 59 2700 
04 04 22 07 19 2720 
04 04 22 07 39 2740 
04 04 22 07 58 2760 
04 04 22 08 18 2780 
04 04 22 08 57 2800 
04 04 22 09 17 2820 
04 04 22 09 37 2840 
04 04 22 09 56 2860 
04 04 22 10 16 2880 
04 04 22 10 55 2900 
04 04 22 11 16 2920 
04 04 22 11 35 2940 
04 04 22 11 55 2960 
04 04 22 12 15 2980 
04 04 22 12 42 3000 
04 04 22 13 01 3020 
04 04 22 13 21 3040 
04 04 22 13 41 3060 
04 04 22 14 01 3080 
04 04 22 14 27 3100 
04 04 22 14 47 3120 
04 04 22 15 07 3140 
04 04 22 15 27 3160 
04 04 22 15 47 3180 
04 04 22 16 14 3200 
04 04 22 16 34 3220 
04 04 22 16 54 3240 
04 04 22 17 14 3260 
04 04 22 17 34 3280 
04 04 22 18 00 3300 
04 04 22 18 20 3320 
04 04 22 18 41 3340 
04 04 22 19 03 3360 
04 04 22 19 25 3380 
04 04 22 19 54 3400 
04 04 22 20 16 3420 
04 04 22 20 37 3440 
04 04 22 21 00 3460 
04 04 22 21 21 3480 
04 04 22 21 51 3500 
04 04 22 22 12 3520 
04 04 22 22 33 3540 
04 04 22 22 55 3560 
04 04 22 23 18 3580 
04 04 22 24 19 3600 
04 04 22 24 43 3620 
04 04 22 25 04 3640 
04 04 22 25 26 3660 
04 04 22 25 50 3680 
04 04 22 26 47 3700 
04 04 22 27 09 3720 
04 04 22 27 30 3740 
04 04 22 27 52 3760 
04 04 22 28 16 3780 
04 04 22 29 21 3800 
04 04 22 29 43 3820 
04 04 22 30 05 3840 
04 04 22 30 27 3860 
04 04 22 30 49 3880 
04 04 22 31 44 3900 
04 04 22 32 06 3920 
04 04 22 32 28 3940 
04 04 22 32 50 3960 
04 04 22 33 10 3980 
04 04 22 33 39 4000 
04 04 22 34 00 4020 
04 04 22 34 23 4040 
04 04 22 34 44 4060 
04 04 22 35 05 4080 
04 04 22 35 33 4100 
04 04 22 35 53 4120 
04 04 22 36 14 4140 
04 04 22 36 36 4160 
04 04 22 36 57 4180 
04 04 22 37 26 4200 
04 04 22 37 46 4220 
04 04 22 38 08 4240 
04 04 22 38 29 4260 
04 04 22 38 51 4280 
04 04 22 39 19 4300 
04 04 22 39 39 4320 
04 04 22 39 59 4340 
04 04 22 40 20 4360 
04 04 22 40 41 4380 
04 04 22 41 09 4400 
04 04 22 41 30 4420 
04 04 22 41 50 4440 
04 04 22 42 11 4460 
04 04 22 42 31 4480 
04 04 22 45 03 4500
