04 04 23 36 32 0 
04 04 23 36 52 20 
04 04 23 37 11 40 
04 04 23 37 31 60 
04 04 23 37 51 80 
04 04 23 38 18 100 
04 04 23 38 38 120 
04 04 23 38 58 140 
04 04 23 39 18 160 
04 04 23 39 38 180 
04 04 23 40 04 200 
04 04 23 40 24 220 
04 04 23 40 44 240 
04 04 23 41 04 260 
04 04 23 41 24 280 
04 04 23 41 51 300 
04 04 23 42 11 320 
04 04 23 42 31 340 
04 04 23 42 50 360 
04 04 23 43 10 380 
04 04 23 43 37 400 
04 04 23 43 57 420 
04 04 23 44 16 440 
04 04 23 44 36 460 
04 04 23 44 56 480 
04 04 23 45 22 500 
04 04 23 45 42 520 
04 04 23 46 02 540 
04 04 23 46 22 560 
04 04 23 46 42 580 
04 04 23 47 17 600 
04 04 23 47 37 620 
04 04 23 47 56 640 
04 04 23 48 16 660 
04 04 23 48 36 680 
04 04 23 49 11 700 
04 04 23 49 31 720 
04 04 23 49 51 740 
04 04 23 50 10 760 
04 04 23 50 30 780 
04 04 23 51 08 800 
04 04 23 51 28 820 
04 04 23 51 48 840 
04 04 23 52 08 860 
04 04 23 52 28 880 
04 04 23 53 07 900 
04 04 23 53 26 920 
04 04 23 53 46 940 
04 04 23 54 06 960 
04 04 23 54 26 980 
04 04 23 54 53 1000 
04 04 23 55 13 1020 
04 04 23 55 32 1040 
04 04 23 55 52 1060 
04 04 23 56 12 1080 
04 04 23 56 44 1100 
04 04 23 57 03 1120 
04 04 23 57 23 1140 
04 04 23 57 43 1160 
04 04 23 58 03 1180 
04 04 23 58 29 1200 
04 04 23 58 49 1220 
04 04 23 59 09 1240 
04 04 23 59 29 1260 
04 04 23 59 48 1280 
04 05 00 00 15 1300 
04 05 00 00 35 1320 
04 05 00 00 55 1340 
04 05 00 01 14 1360 
04 05 00 01 34 1380 
04 05 00 02 01 1400 
04 05 00 02 21 1420 
04 05 00 02 40 1440 
04 05 00 03 00 1460 
04 05 00 03 20 1480 
04 05 00 03 46 1500 
04 05 00 04 06 1520 
04 05 00 04 26 1540 
04 05 00 04 46 1560 
04 05 00 05 06 1580 
04 05 00 05 40 1600 
04 05 00 06 00 1620 
04 05 00 06 20 1640 
04 05 00 06 39 1660 
04 05 00 06 59 1680 
04 05 00 07 34 1700 
04 05 00 07 54 1720 
04 05 00 08 13 1740 
04 05 00 08 33 1760 
04 05 00 08 53 1780 
04 05 00 09 31 1800 
04 05 00 09 51 1820 
04 05 00 10 10 1840 
04 05 00 10 30 1860 
04 05 00 10 50 1880 
04 05 00 11 28 1900 
04 05 00 11 48 1920 
04 05 00 12 08 1940 
04 05 00 12 28 1960 
04 05 00 12 47 1980 
04 05 00 13 14 2000 
04 05 00 13 34 2020 
04 05 00 13 54 2040 
04 05 00 14 13 2060 
04 05 00 14 33 2080 
04 05 00 15 04 2100 
04 05 00 15 24 2120 
04 05 00 15 44 2140 
04 05 00 16 04 2160 
04 05 00 16 24 2180 
04 05 00 16 50 2200 
04 05 00 17 10 2220 
04 05 00 17 30 2240 
04 05 00 17 50 2260 
04 05 00 18 09 2280 
04 05 00 18 36 2300 
04 05 00 18 56 2320 
04 05 00 19 16 2340 
04 05 00 19 36 2360 
04 05 00 19 55 2380 
04 05 00 20 22 2400 
04 05 00 20 42 2420 
04 05 00 21 02 2440 
04 05 00 21 21 2460 
04 05 00 21 41 2480 
04 05 00 22 08 2500 
04 05 00 22 27 2520 
04 05 00 22 47 2540 
04 05 00 23 07 2560 
04 05 00 23 27 2580 
04 05 00 24 04 2600 
04 05 00 24 24 2620 
04 05 00 24 43 2640 
04 05 00 25 03 2660 
04 05 00 25 23 2680 
04 05 00 25 58 2700 
04 05 00 26 18 2720 
04 05 00 26 37 2740 
04 05 00 26 57 2760 
04 05 00 27 17 2780 
04 05 00 27 55 2800 
04 05 00 28 15 2820 
04 05 00 28 35 2840 
04 05 00 28 55 2860 
04 05 00 29 14 2880 
04 05 00 29 53 2900 
04 05 00 30 13 2920 
04 05 00 30 33 2940 
04 05 00 30 53 2960 
04 05 00 31 12 2980 
04 05 00 31 39 3000 
04 05 00 31 59 3020 
04 05 00 32 19 3040 
04 05 00 32 39 3060 
04 05 00 32 58 3080 
04 05 00 33 29 3100 
04 05 00 33 49 3120 
04 05 00 34 09 3140 
04 05 00 34 29 3160 
04 05 00 34 49 3180 
04 05 00 35 16 3200 
04 05 00 35 36 3220 
04 05 00 35 56 3240 
04 05 00 36 16 3260 
04 05 00 36 36 3280 
04 05 00 37 03 3300 
04 05 00 37 23 3320 
04 05 00 37 43 3340 
04 05 00 38 05 3360 
04 05 00 38 26 3380 
04 05 00 38 55 3400 
04 05 00 39 16 3420 
04 05 00 39 38 3440 
04 05 00 40 00 3460 
04 05 00 40 21 3480 
04 05 00 40 51 3500 
04 05 00 41 11 3520 
04 05 00 41 32 3540 
04 05 00 41 54 3560 
04 05 00 42 17 3580 
04 05 00 43 15 3600 
04 05 00 43 39 3620 
04 05 00 44 01 3640 
04 05 00 44 22 3660 
04 05 00 44 47 3680 
04 05 00 45 43 3700 
04 05 00 46 04 3720 
04 05 00 46 26 3740 
04 05 00 46 48 3760 
04 05 00 47 11 3780 
04 05 00 48 11 3800 
04 05 00 48 33 3820 
04 05 00 48 55 3840 
04 05 00 49 17 3860 
04 05 00 49 39 3880 
04 05 00 50 36 3900 
04 05 00 50 58 3920 
04 05 00 51 20 3940 
04 05 00 51 41 3960 
04 05 00 52 01 3980 
04 05 00 52 30 4000 
04 05 00 52 51 4020 
04 05 00 53 13 4040 
04 05 00 53 35 4060 
04 05 00 53 56 4080 
04 05 00 54 40 4100 
04 05 00 55 00 4120 
04 05 00 55 21 4140 
04 05 00 55 43 4160 
04 05 00 56 04 4180 
04 05 00 56 32 4200 
04 05 00 56 53 4220 
04 05 00 57 14 4240 
04 05 00 57 35 4260 
04 05 00 57 57 4280 
04 05 00 58 25 4300 
04 05 00 58 45 4320 
04 05 00 59 06 4340 
04 05 00 59 27 4360 
04 05 00 59 48 4380 
04 05 01 00 16 4400 
04 05 01 00 36 4420 
04 05 01 00 57 4440 
04 05 01 01 17 4460 
04 05 01 01 38 4480 
04 05 01 04 35 4500
