02 14 11 41 35 0 
02 14 11 41 55 20 
02 14 11 42 15 40 
02 14 11 42 35 60 
02 14 11 42 55 80 
02 14 11 43 38 100 
02 14 11 43 58 120 
02 14 11 44 17 140 
02 14 11 44 37 160 
02 14 11 44 57 180 
02 14 11 45 32 200 
02 14 11 45 52 220 
02 14 11 46 12 240 
02 14 11 46 32 260 
02 14 11 46 51 280 
02 14 11 47 40 300 
02 14 11 48 00 320 
02 14 11 48 19 340 
02 14 11 48 39 360 
02 14 11 48 59 380 
02 14 11 49 42 400 
02 14 11 50 02 420 
02 14 11 50 22 440 
02 14 11 50 41 460 
02 14 11 51 01 480 
02 14 11 51 39 500 
02 14 11 51 59 520 
02 14 11 52 19 540 
02 14 11 52 38 560 
02 14 11 52 58 580 
02 14 11 53 33 600 
02 14 11 53 53 620 
02 14 11 54 12 640 
02 14 11 54 32 660 
02 14 11 54 52 680 
02 14 11 55 28 700 
02 14 11 55 47 720 
02 14 11 56 07 740 
02 14 11 56 27 760 
02 14 11 56 47 780 
02 14 11 57 25 800 
02 14 11 57 45 820 
02 14 11 58 05 840 
02 14 11 58 25 860 
02 14 11 58 44 880 
02 14 11 59 23 900 
02 14 11 59 43 920 
02 14 12 00 03 940 
02 14 12 00 23 960 
02 14 12 00 43 980 
02 14 12 01 26 1000
