04 06 15 35 38 0 
04 06 15 35 58 20 
04 06 15 36 18 40 
04 06 15 36 38 60 
04 06 15 36 58 80 
04 06 15 37 41 100 
04 06 15 38 01 120 
04 06 15 38 21 140 
04 06 15 38 41 160 
04 06 15 39 01 180 
04 06 15 39 46 200 
04 06 15 40 06 220 
04 06 15 40 26 240 
04 06 15 40 45 260 
04 06 15 41 05 280 
04 06 15 41 49 300 
04 06 15 42 09 320 
04 06 15 42 29 340 
04 06 15 42 49 360 
04 06 15 43 09 380 
04 06 15 43 36 400 
04 06 15 43 56 420 
04 06 15 44 16 440 
04 06 15 44 36 460 
04 06 15 44 56 480 
04 06 15 45 23 500 
04 06 15 45 43 520 
04 06 15 46 03 540 
04 06 15 46 22 560 
04 06 15 46 42 580 
04 06 15 47 17 600 
04 06 15 47 37 620 
04 06 15 47 57 640 
04 06 15 48 17 660 
04 06 15 48 36 680 
04 06 15 49 12 700 
04 06 15 49 32 720 
04 06 15 49 52 740 
04 06 15 50 11 760 
04 06 15 50 31 780 
04 06 15 51 10 800 
04 06 15 51 30 820 
04 06 15 51 50 840 
04 06 15 52 10 860 
04 06 15 52 30 880 
04 06 15 53 09 900 
04 06 15 53 29 920 
04 06 15 53 49 940 
04 06 15 54 09 960 
04 06 15 54 29 980 
04 06 15 54 59 1000 
04 06 15 55 19 1020 
04 06 15 55 38 1040 
04 06 15 55 58 1060 
04 06 15 56 18 1080 
04 06 15 57 02 1100 
04 06 15 57 22 1120 
04 06 15 57 41 1140 
04 06 15 58 01 1160 
04 06 15 58 21 1180 
04 06 15 59 04 1200 
04 06 15 59 24 1220 
04 06 15 59 44 1240 
04 06 16 00 03 1260 
04 06 16 00 23 1280 
04 06 16 01 08 1300 
04 06 16 01 29 1320 
04 06 16 01 49 1340 
04 06 16 02 08 1360 
04 06 16 02 28 1380 
04 06 16 02 56 1400 
04 06 16 03 16 1420 
04 06 16 03 35 1440 
04 06 16 03 55 1460 
04 06 16 04 15 1480 
04 06 16 04 41 1500 
04 06 16 05 01 1520 
04 06 16 05 21 1540 
04 06 16 05 41 1560 
04 06 16 06 01 1580 
04 06 16 06 35 1600 
04 06 16 06 55 1620 
04 06 16 07 15 1640 
04 06 16 07 34 1660 
04 06 16 07 54 1680 
04 06 16 08 29 1700 
04 06 16 08 49 1720 
04 06 16 09 09 1740 
04 06 16 09 28 1760 
04 06 16 09 48 1780 
04 06 16 10 26 1800 
04 06 16 10 46 1820 
04 06 16 11 06 1840 
04 06 16 11 26 1860 
04 06 16 11 45 1880 
04 06 16 12 24 1900 
04 06 16 12 44 1920 
04 06 16 13 04 1940 
04 06 16 13 24 1960 
04 06 16 13 44 1980 
04 06 16 14 12 2000 
04 06 16 14 32 2020 
04 06 16 14 52 2040 
04 06 16 15 11 2060 
04 06 16 15 31 2080 
04 06 16 16 14 2100 
04 06 16 16 34 2120 
04 06 16 16 53 2140 
04 06 16 17 13 2160 
04 06 16 17 33 2180 
04 06 16 18 16 2200 
04 06 16 18 36 2220 
04 06 16 18 56 2240 
04 06 16 19 16 2260 
04 06 16 19 35 2280 
04 06 16 20 20 2300 
04 06 16 20 40 2320 
04 06 16 20 59 2340 
04 06 16 21 19 2360 
04 06 16 21 39 2380 
04 06 16 22 06 2400 
04 06 16 22 26 2420 
04 06 16 22 46 2440 
04 06 16 23 06 2460 
04 06 16 23 25 2480 
04 06 16 23 52 2500 
04 06 16 24 12 2520 
04 06 16 24 32 2540 
04 06 16 24 52 2560 
04 06 16 25 12 2580 
04 06 16 25 48 2600 
04 06 16 26 09 2620 
04 06 16 26 28 2640 
04 06 16 26 48 2660 
04 06 16 27 08 2680 
04 06 16 27 43 2700 
04 06 16 28 03 2720 
04 06 16 28 23 2740 
04 06 16 28 42 2760 
04 06 16 29 02 2780 
04 06 16 29 42 2800 
04 06 16 30 02 2820 
04 06 16 30 22 2840 
04 06 16 30 41 2860 
04 06 16 31 01 2880 
04 06 16 31 40 2900 
04 06 16 32 00 2920 
04 06 16 32 20 2940 
04 06 16 32 39 2960 
04 06 16 32 59 2980 
04 06 16 33 27 3000 
04 06 16 33 47 3020 
04 06 16 34 06 3040 
04 06 16 34 26 3060 
04 06 16 34 46 3080 
04 06 16 35 27 3100 
04 06 16 35 47 3120 
04 06 16 36 07 3140 
04 06 16 36 27 3160 
04 06 16 36 47 3180 
04 06 16 37 32 3200 
04 06 16 37 52 3220 
04 06 16 38 12 3240 
04 06 16 38 32 3260 
04 06 16 38 52 3280 
04 06 16 39 53 3300 
04 06 16 40 14 3320 
04 06 16 40 35 3340 
04 06 16 40 55 3360 
04 06 16 41 18 3380 
04 06 16 41 50 3400 
04 06 16 42 11 3420 
04 06 16 42 33 3440 
04 06 16 42 56 3460 
04 06 16 43 17 3480 
04 06 16 43 47 3500 
04 06 16 44 07 3520 
04 06 16 44 29 3540 
04 06 16 44 50 3560 
04 06 16 45 13 3580 
04 06 16 46 15 3600 
04 06 16 46 38 3620 
04 06 16 47 01 3640 
04 06 16 47 22 3660 
04 06 16 47 45 3680 
04 06 16 48 43 3700 
04 06 16 49 05 3720 
04 06 16 49 26 3740 
04 06 16 49 48 3760 
04 06 16 50 12 3780 
04 06 16 51 12 3800 
04 06 16 51 34 3820 
04 06 16 51 56 3840 
04 06 16 52 18 3860 
04 06 16 52 40 3880 
04 06 16 53 37 3900 
04 06 16 53 59 3920 
04 06 16 54 22 3940 
04 06 16 54 42 3960 
04 06 16 55 03 3980 
04 06 16 55 34 4000 
04 06 16 55 56 4020 
04 06 16 56 18 4040 
04 06 16 56 39 4060 
04 06 16 57 01 4080 
04 06 16 57 54 4100 
04 06 16 58 14 4120 
04 06 16 58 36 4140 
04 06 16 58 58 4160 
04 06 16 59 19 4180 
04 06 17 00 11 4200 
04 06 17 00 31 4220 
04 06 17 00 53 4240 
04 06 17 01 14 4260 
04 06 17 01 36 4280 
04 06 17 02 29 4300 
04 06 17 02 49 4320 
04 06 17 03 10 4340 
04 06 17 03 31 4360 
04 06 17 03 52 4380 
04 06 17 04 22 4400 
04 06 17 04 42 4420 
04 06 17 05 02 4440 
04 06 17 05 23 4460 
04 06 17 05 44 4480 
04 06 17 06 11 4500 
04 06 17 06 31 4520 
04 06 17 06 51 4540 
04 06 17 07 10 4560 
04 06 17 07 30 4580 
04 06 17 08 04 4600 
04 06 17 08 24 4620 
04 06 17 08 44 4640 
04 06 17 09 04 4660 
04 06 17 09 24 4680 
04 06 17 09 59 4700 
04 06 17 10 19 4720 
04 06 17 10 39 4740 
04 06 17 10 59 4760 
04 06 17 11 18 4780 
04 06 17 12 03 4800 
04 06 17 12 23 4820 
04 06 17 12 43 4840 
04 06 17 13 03 4860 
04 06 17 13 23 4880 
04 06 17 14 01 4900 
04 06 17 14 21 4920 
04 06 17 14 41 4940 
04 06 17 15 01 4960 
04 06 17 15 21 4980 
04 06 17 15 48 5000 
04 06 17 16 08 5020 
04 06 17 16 28 5040 
04 06 17 16 48 5060 
04 06 17 17 07 5080 
04 06 17 17 49 5100 
04 06 17 18 09 5120 
04 06 17 18 29 5140 
04 06 17 18 49 5160 
04 06 17 19 08 5180 
04 06 17 19 51 5200 
04 06 17 20 11 5220 
04 06 17 20 31 5240 
04 06 17 20 50 5260 
04 06 17 21 10 5280 
04 06 17 21 56 5300 
04 06 17 22 15 5320 
04 06 17 22 35 5340 
04 06 17 22 55 5360 
04 06 17 23 15 5380 
04 06 17 23 43 5400 
04 06 17 24 02 5420 
04 06 17 24 22 5440 
04 06 17 24 42 5460 
04 06 17 25 02 5480 
04 06 17 28 23 5500
