04 10 17 55 51 0 
04 10 17 56 11 20 
04 10 17 56 31 40 
04 10 17 56 51 60 
04 10 17 57 11 80 
04 10 17 57 38 100 
04 10 17 57 57 120 
04 10 17 58 17 140 
04 10 17 58 37 160 
04 10 17 58 57 180 
04 10 17 59 23 200 
04 10 17 59 43 220 
04 10 18 00 03 240 
04 10 18 00 23 260 
04 10 18 00 42 280 
04 10 18 01 09 300 
04 10 18 01 29 320 
04 10 18 01 49 340 
04 10 18 02 09 360 
04 10 18 02 29 380 
04 10 18 02 56 400 
04 10 18 03 16 420 
04 10 18 03 36 440 
04 10 18 03 56 460 
04 10 18 04 16 480 
04 10 18 04 43 500 
04 10 18 05 03 520 
04 10 18 05 23 540 
04 10 18 05 43 560 
04 10 18 06 02 580 
04 10 18 06 37 600 
04 10 18 06 57 620 
04 10 18 07 17 640 
04 10 18 07 36 660 
04 10 18 07 56 680 
04 10 18 08 32 700 
04 10 18 08 51 720 
04 10 18 09 11 740 
04 10 18 09 31 760 
04 10 18 09 51 780 
04 10 18 10 29 800 
04 10 18 10 49 820 
04 10 18 11 09 840 
04 10 18 11 28 860 
04 10 18 11 48 880 
04 10 18 12 27 900 
04 10 18 12 47 920 
04 10 18 13 06 940 
04 10 18 13 26 960 
04 10 18 13 46 980 
04 10 18 14 13 1000 
04 10 18 14 33 1020 
04 10 18 14 53 1040 
04 10 18 15 12 1060 
04 10 18 15 32 1080 
04 10 18 15 59 1100 
04 10 18 16 19 1120 
04 10 18 16 38 1140 
04 10 18 16 58 1160 
04 10 18 17 18 1180 
04 10 18 17 44 1200 
04 10 18 18 04 1220 
04 10 18 18 24 1240 
04 10 18 18 44 1260 
04 10 18 19 03 1280 
04 10 18 19 30 1300 
04 10 18 19 50 1320 
04 10 18 20 10 1340 
04 10 18 20 30 1360 
04 10 18 20 49 1380 
04 10 18 21 16 1400 
04 10 18 21 36 1420 
04 10 18 21 56 1440 
04 10 18 22 16 1460 
04 10 18 22 35 1480 
04 10 18 23 02 1500 
04 10 18 23 22 1520 
04 10 18 23 42 1540 
04 10 18 24 02 1560 
04 10 18 24 22 1580 
04 10 18 24 56 1600 
04 10 18 25 15 1620 
04 10 18 25 35 1640 
04 10 18 25 55 1660 
04 10 18 26 15 1680 
04 10 18 26 50 1700 
04 10 18 27 09 1720 
04 10 18 27 29 1740 
04 10 18 27 49 1760 
04 10 18 28 09 1780 
04 10 18 28 47 1800 
04 10 18 29 06 1820 
04 10 18 29 26 1840 
04 10 18 29 46 1860 
04 10 18 30 06 1880 
04 10 18 30 44 1900 
04 10 18 31 04 1920 
04 10 18 31 24 1940 
04 10 18 31 44 1960 
04 10 18 32 04 1980 
04 10 18 32 30 2000 
04 10 18 32 50 2020 
04 10 18 33 10 2040 
04 10 18 33 31 2060 
04 10 18 33 50 2080 
04 10 18 34 17 2100 
04 10 18 34 37 2120 
04 10 18 34 57 2140 
04 10 18 35 16 2160 
04 10 18 35 36 2180 
04 10 18 36 03 2200 
04 10 18 36 23 2220 
04 10 18 36 42 2240 
04 10 18 37 02 2260 
04 10 18 37 22 2280 
04 10 18 37 48 2300 
04 10 18 38 08 2320 
04 10 18 38 28 2340 
04 10 18 38 48 2360 
04 10 18 39 08 2380 
04 10 18 39 34 2400 
04 10 18 39 55 2420 
04 10 18 40 14 2440 
04 10 18 40 34 2460 
04 10 18 40 54 2480 
04 10 18 41 21 2500 
04 10 18 41 41 2520 
04 10 18 42 00 2540 
04 10 18 42 20 2560 
04 10 18 42 40 2580 
04 10 18 43 17 2600 
04 10 18 43 37 2620 
04 10 18 43 57 2640 
04 10 18 44 16 2660 
04 10 18 44 36 2680 
04 10 18 45 11 2700 
04 10 18 45 31 2720 
04 10 18 45 51 2740 
04 10 18 46 10 2760 
04 10 18 46 30 2780 
04 10 18 47 10 2800 
04 10 18 47 30 2820 
04 10 18 47 50 2840 
04 10 18 48 10 2860 
04 10 18 48 29 2880 
04 10 18 49 08 2900 
04 10 18 49 28 2920 
04 10 18 49 48 2940 
04 10 18 50 08 2960 
04 10 18 50 28 2980 
04 10 18 50 54 3000 
04 10 18 51 14 3020 
04 10 18 51 34 3040 
04 10 18 51 54 3060 
04 10 18 52 13 3080 
04 10 18 52 40 3100 
04 10 18 53 00 3120 
04 10 18 53 20 3140 
04 10 18 53 40 3160 
04 10 18 54 00 3180 
04 10 18 54 27 3200 
04 10 18 54 47 3220 
04 10 18 55 07 3240 
04 10 18 55 26 3260 
04 10 18 55 46 3280 
04 10 18 56 13 3300 
04 10 18 56 33 3320 
04 10 18 56 54 3340 
04 10 18 57 15 3360 
04 10 18 57 37 3380 
04 10 18 58 06 3400 
04 10 18 58 28 3420 
04 10 18 58 49 3440 
04 10 18 59 11 3460 
04 10 18 59 33 3480 
04 10 19 00 02 3500 
04 10 19 00 23 3520 
04 10 19 00 44 3540 
04 10 19 01 06 3560 
04 10 19 01 29 3580 
04 10 19 02 30 3600 
04 10 19 02 54 3620 
04 10 19 03 16 3640 
04 10 19 03 37 3660 
04 10 19 04 01 3680 
04 10 19 04 58 3700 
04 10 19 05 20 3720 
04 10 19 05 41 3740 
04 10 19 06 03 3760 
04 10 19 06 27 3780 
04 10 19 07 32 3800 
04 10 19 07 54 3820 
04 10 19 08 16 3840 
04 10 19 08 38 3860 
04 10 19 09 00 3880 
04 10 19 09 54 3900 
04 10 19 10 16 3920 
04 10 19 10 38 3940 
04 10 19 10 59 3960 
04 10 19 11 19 3980 
04 10 19 11 48 4000 
04 10 19 12 09 4020 
04 10 19 12 32 4040 
04 10 19 12 53 4060 
04 10 19 13 14 4080 
04 10 19 13 42 4100 
04 10 19 14 02 4120 
04 10 19 14 23 4140 
04 10 19 14 46 4160 
04 10 19 15 07 4180 
04 10 19 15 35 4200 
04 10 19 15 55 4220 
04 10 19 16 16 4240 
04 10 19 16 38 4260 
04 10 19 16 59 4280 
04 10 19 17 27 4300 
04 10 19 17 47 4320 
04 10 19 18 07 4340 
04 10 19 18 28 4360 
04 10 19 18 49 4380 
04 10 19 19 17 4400 
04 10 19 19 38 4420 
04 10 19 19 58 4440 
04 10 19 20 19 4460 
04 10 19 20 39 4480 
04 10 19 21 06 4500 
04 10 19 21 26 4520 
04 10 19 21 46 4540 
04 10 19 22 06 4560 
04 10 19 22 26 4580 
04 10 19 23 00 4600 
04 10 19 23 20 4620 
04 10 19 23 39 4640 
04 10 19 23 59 4660 
04 10 19 24 19 4680 
04 10 19 24 54 4700 
04 10 19 25 14 4720 
04 10 19 25 33 4740 
04 10 19 25 53 4760 
04 10 19 26 13 4780 
04 10 19 26 58 4800 
04 10 19 27 18 4820 
04 10 19 27 38 4840 
04 10 19 27 59 4860 
04 10 19 28 18 4880 
04 10 19 28 57 4900 
04 10 19 29 17 4920 
04 10 19 29 37 4940 
04 10 19 29 57 4960 
04 10 19 30 17 4980 
04 10 19 30 44 5000 
04 10 19 31 04 5020 
04 10 19 31 24 5040 
04 10 19 31 44 5060 
04 10 19 32 03 5080 
04 10 19 32 30 5100 
04 10 19 32 50 5120 
04 10 19 33 10 5140 
04 10 19 33 29 5160 
04 10 19 33 49 5180 
04 10 19 34 16 5200 
04 10 19 34 36 5220 
04 10 19 34 55 5240 
04 10 19 35 15 5260 
04 10 19 35 35 5280 
04 10 19 36 01 5300 
04 10 19 36 21 5320 
04 10 19 36 41 5340 
04 10 19 37 00 5360 
04 10 19 37 20 5380 
04 10 19 37 47 5400 
04 10 19 38 07 5420 
04 10 19 38 27 5440 
04 10 19 38 46 5460 
04 10 19 39 06 5480 
04 10 19 39 33 5500 
04 10 19 39 53 5520 
04 10 19 40 12 5540 
04 10 19 40 32 5560 
04 10 19 40 52 5580 
04 10 19 41 26 5600 
04 10 19 41 46 5620 
04 10 19 42 05 5640 
04 10 19 42 25 5660 
04 10 19 42 45 5680 
04 10 19 43 20 5700 
04 10 19 43 40 5720 
04 10 19 43 59 5740 
04 10 19 44 19 5760 
04 10 19 44 39 5780 
04 10 19 45 17 5800 
04 10 19 45 37 5820 
04 10 19 45 56 5840 
04 10 19 46 16 5860 
04 10 19 46 36 5880 
04 10 19 47 14 5900 
04 10 19 47 34 5920 
04 10 19 47 54 5940 
04 10 19 48 14 5960 
04 10 19 48 34 5980 
04 10 19 50 46 6000
