04 06 01 09 48 0 
04 06 01 10 08 20 
04 06 01 10 28 40 
04 06 01 10 47 60 
04 06 01 11 07 80 
04 06 01 11 35 100 
04 06 01 11 55 120 
04 06 01 12 15 140 
04 06 01 12 35 160 
04 06 01 12 55 180 
04 06 01 13 22 200 
04 06 01 13 42 220 
04 06 01 14 02 240 
04 06 01 14 22 260 
04 06 01 14 42 280 
04 06 01 15 09 300 
04 06 01 15 28 320 
04 06 01 15 48 340 
04 06 01 16 08 360 
04 06 01 16 27 380 
04 06 01 16 54 400 
04 06 01 17 14 420 
04 06 01 17 34 440 
04 06 01 17 53 460 
04 06 01 18 13 480 
04 06 01 18 47 500 
04 06 01 19 07 520 
04 06 01 19 27 540 
04 06 01 19 47 560 
04 06 01 20 07 580 
04 06 01 20 41 600 
04 06 01 21 01 620 
04 06 01 21 21 640 
04 06 01 21 41 660 
04 06 01 22 00 680 
04 06 01 22 36 700 
04 06 01 22 56 720 
04 06 01 23 16 740 
04 06 01 23 35 760 
04 06 01 23 55 780 
04 06 01 24 34 800 
04 06 01 24 55 820 
04 06 01 25 15 840 
04 06 01 25 34 860 
04 06 01 25 54 880 
04 06 01 26 33 900 
04 06 01 26 53 920 
04 06 01 27 13 940 
04 06 01 27 33 960 
04 06 01 27 53 980 
04 06 01 28 42 1000 
04 06 01 29 03 1020 
04 06 01 29 23 1040 
04 06 01 29 43 1060 
04 06 01 30 02 1080 
04 06 01 30 47 1100 
04 06 01 31 07 1120 
04 06 01 31 27 1140 
04 06 01 31 46 1160 
04 06 01 32 06 1180 
04 06 01 32 50 1200 
04 06 01 33 10 1220 
04 06 01 33 30 1240 
04 06 01 33 49 1260 
04 06 01 34 09 1280 
04 06 01 34 53 1300 
04 06 01 35 13 1320 
04 06 01 35 33 1340 
04 06 01 35 52 1360 
04 06 01 36 12 1380 
04 06 01 36 40 1400 
04 06 01 37 00 1420 
04 06 01 37 20 1440 
04 06 01 37 40 1460 
04 06 01 37 59 1480 
04 06 01 38 26 1500 
04 06 01 38 46 1520 
04 06 01 39 06 1540 
04 06 01 39 26 1560 
04 06 01 39 45 1580 
04 06 01 40 20 1600 
04 06 01 40 40 1620 
04 06 01 41 00 1640 
04 06 01 41 19 1660 
04 06 01 41 39 1680 
04 06 01 42 14 1700 
04 06 01 42 34 1720 
04 06 01 42 54 1740 
04 06 01 43 13 1760 
04 06 01 43 33 1780 
04 06 01 44 12 1800 
04 06 01 44 32 1820 
04 06 01 44 51 1840 
04 06 01 45 11 1860 
04 06 01 45 31 1880 
04 06 01 46 09 1900 
04 06 01 46 30 1920 
04 06 01 46 50 1940 
04 06 01 47 10 1960 
04 06 01 47 30 1980 
04 06 01 48 17 2000 
04 06 01 48 37 2020 
04 06 01 48 56 2040 
04 06 01 49 16 2060 
04 06 01 49 36 2080 
04 06 01 50 20 2100 
04 06 01 50 39 2120 
04 06 01 50 59 2140 
04 06 01 51 19 2160 
04 06 01 51 38 2180 
04 06 01 52 20 2200 
04 06 01 52 40 2220 
04 06 01 53 00 2240 
04 06 01 53 20 2260 
04 06 01 53 40 2280 
04 06 01 54 26 2300 
04 06 01 54 45 2320 
04 06 01 55 05 2340 
04 06 01 55 25 2360 
04 06 01 55 44 2380 
04 06 01 56 12 2400 
04 06 01 56 32 2420 
04 06 01 56 51 2440 
04 06 01 57 11 2460 
04 06 01 57 31 2480 
04 06 01 57 57 2500 
04 06 01 58 17 2520 
04 06 01 58 37 2540 
04 06 01 58 57 2560 
04 06 01 59 16 2580 
04 06 01 59 54 2600 
04 06 02 00 14 2620 
04 06 02 00 34 2640 
04 06 02 00 54 2660 
04 06 02 01 13 2680 
04 06 02 01 48 2700 
04 06 02 02 08 2720 
04 06 02 02 28 2740 
04 06 02 02 47 2760 
04 06 02 03 07 2780 
04 06 02 03 48 2800 
04 06 02 04 08 2820 
04 06 02 04 27 2840 
04 06 02 04 47 2860 
04 06 02 05 07 2880 
04 06 02 05 47 2900 
04 06 02 06 07 2920 
04 06 02 06 26 2940 
04 06 02 06 46 2960 
04 06 02 07 06 2980 
04 06 02 07 47 3000 
04 06 02 08 07 3020 
04 06 02 08 26 3040 
04 06 02 08 46 3060 
04 06 02 09 06 3080 
04 06 02 09 47 3100 
04 06 02 10 08 3120 
04 06 02 10 28 3140 
04 06 02 10 48 3160 
04 06 02 11 08 3180 
04 06 02 11 53 3200 
04 06 02 12 13 3220 
04 06 02 12 33 3240 
04 06 02 12 53 3260 
04 06 02 13 13 3280 
04 06 02 14 15 3300 
04 06 02 14 35 3320 
04 06 02 14 55 3340 
04 06 02 15 16 3360 
04 06 02 15 39 3380 
04 06 02 16 11 3400 
04 06 02 16 32 3420 
04 06 02 16 54 3440 
04 06 02 17 16 3460 
04 06 02 17 38 3480 
04 06 02 18 08 3500 
04 06 02 18 28 3520 
04 06 02 18 49 3540 
04 06 02 19 11 3560 
04 06 02 19 34 3580 
04 06 02 20 36 3600 
04 06 02 21 00 3620 
04 06 02 21 22 3640 
04 06 02 21 43 3660 
04 06 02 22 07 3680 
04 06 02 23 04 3700 
04 06 02 23 27 3720 
04 06 02 23 48 3740 
04 06 02 24 10 3760 
04 06 02 24 33 3780 
04 06 02 25 37 3800 
04 06 02 25 58 3820 
04 06 02 26 20 3840 
04 06 02 26 42 3860 
04 06 02 27 04 3880 
04 06 02 28 00 3900 
04 06 02 28 22 3920 
04 06 02 28 44 3940 
04 06 02 29 05 3960 
04 06 02 29 25 3980 
04 06 02 30 19 4000 
04 06 02 30 41 4020 
04 06 02 31 03 4040 
04 06 02 31 25 4060 
04 06 02 31 46 4080 
04 06 02 32 39 4100 
04 06 02 32 59 4120 
04 06 02 33 19 4140 
04 06 02 33 42 4160 
04 06 02 34 02 4180 
04 06 02 34 54 4200 
04 06 02 35 14 4220 
04 06 02 35 36 4240 
04 06 02 35 57 4260 
04 06 02 36 19 4280 
04 06 02 37 11 4300 
04 06 02 37 32 4320 
04 06 02 37 52 4340 
04 06 02 38 13 4360 
04 06 02 38 34 4380 
04 06 02 39 04 4400 
04 06 02 39 24 4420 
04 06 02 39 45 4440 
04 06 02 40 05 4460 
04 06 02 40 25 4480 
04 06 02 40 53 4500 
04 06 02 41 12 4520 
04 06 02 41 32 4540 
04 06 02 41 52 4560 
04 06 02 42 11 4580 
04 06 02 42 46 4600 
04 06 02 43 06 4620 
04 06 02 43 26 4640 
04 06 02 43 46 4660 
04 06 02 44 06 4680 
04 06 02 44 43 4700 
04 06 02 45 02 4720 
04 06 02 45 22 4740 
04 06 02 45 42 4760 
04 06 02 46 01 4780 
04 06 02 46 40 4800 
04 06 02 47 00 4820 
04 06 02 47 20 4840 
04 06 02 47 39 4860 
04 06 02 47 59 4880 
04 06 02 48 38 4900 
04 06 02 48 58 4920 
04 06 02 49 18 4940 
04 06 02 49 38 4960 
04 06 02 49 58 4980 
04 06 02 50 35 5000
