04 04 19 09 40 0 
04 04 19 10 00 20 
04 04 19 10 20 40 
04 04 19 10 40 60 
04 04 19 11 00 80 
04 04 19 11 27 100 
04 04 19 11 47 120 
04 04 19 12 07 140 
04 04 19 12 26 160 
04 04 19 12 46 180 
04 04 19 13 13 200 
04 04 19 13 33 220 
04 04 19 13 53 240 
04 04 19 14 13 260 
04 04 19 14 32 280 
04 04 19 14 59 300 
04 04 19 15 19 320 
04 04 19 15 38 340 
04 04 19 15 58 360 
04 04 19 16 18 380 
04 04 19 16 44 400 
04 04 19 17 04 420 
04 04 19 17 24 440 
04 04 19 17 44 460 
04 04 19 18 03 480 
04 04 19 18 30 500 
04 04 19 18 50 520 
04 04 19 19 10 540 
04 04 19 19 29 560 
04 04 19 19 49 580 
04 04 19 20 24 600 
04 04 19 20 43 620 
04 04 19 21 03 640 
04 04 19 21 23 660 
04 04 19 21 42 680 
04 04 19 22 17 700 
04 04 19 22 37 720 
04 04 19 22 57 740 
04 04 19 23 16 760 
04 04 19 23 36 780 
04 04 19 24 14 800 
04 04 19 24 34 820 
04 04 19 24 54 840 
04 04 19 25 14 860 
04 04 19 25 33 880 
04 04 19 26 12 900 
04 04 19 26 32 920 
04 04 19 26 52 940 
04 04 19 27 12 960 
04 04 19 27 32 980 
04 04 19 27 59 1000 
04 04 19 28 19 1020 
04 04 19 28 39 1040 
04 04 19 28 58 1060 
04 04 19 29 18 1080 
04 04 19 29 45 1100 
04 04 19 30 04 1120 
04 04 19 30 24 1140 
04 04 19 30 44 1160 
04 04 19 31 03 1180 
04 04 19 31 30 1200 
04 04 19 31 50 1220 
04 04 19 32 09 1240 
04 04 19 32 29 1260 
04 04 19 32 49 1280 
04 04 19 33 15 1300 
04 04 19 33 35 1320 
04 04 19 33 55 1340 
04 04 19 34 14 1360 
04 04 19 34 34 1380 
04 04 19 35 01 1400 
04 04 19 35 21 1420 
04 04 19 35 40 1440 
04 04 19 36 00 1460 
04 04 19 36 19 1480 
04 04 19 36 46 1500 
04 04 19 37 06 1520 
04 04 19 37 26 1540 
04 04 19 37 45 1560 
04 04 19 38 05 1580 
04 04 19 38 39 1600 
04 04 19 38 59 1620 
04 04 19 39 19 1640 
04 04 19 39 38 1660 
04 04 19 39 58 1680 
04 04 19 40 33 1700 
04 04 19 40 52 1720 
04 04 19 41 12 1740 
04 04 19 41 32 1760 
04 04 19 41 51 1780 
04 04 19 42 29 1800 
04 04 19 42 49 1820 
04 04 19 43 08 1840 
04 04 19 43 28 1860 
04 04 19 43 48 1880 
04 04 19 44 26 1900 
04 04 19 44 46 1920 
04 04 19 45 06 1940 
04 04 19 45 25 1960 
04 04 19 45 45 1980 
04 04 19 46 11 2000 
04 04 19 46 31 2020 
04 04 19 46 51 2040 
04 04 19 47 11 2060 
04 04 19 47 30 2080 
04 04 19 47 57 2100 
04 04 19 48 17 2120 
04 04 19 48 37 2140 
04 04 19 48 56 2160 
04 04 19 49 16 2180 
04 04 19 49 43 2200 
04 04 19 50 02 2220 
04 04 19 50 22 2240 
04 04 19 50 42 2260 
04 04 19 51 01 2280 
04 04 19 51 28 2300 
04 04 19 51 47 2320 
04 04 19 52 07 2340 
04 04 19 52 27 2360 
04 04 19 52 46 2380 
04 04 19 53 13 2400 
04 04 19 53 33 2420 
04 04 19 53 52 2440 
04 04 19 54 12 2460 
04 04 19 54 32 2480 
04 04 19 54 58 2500 
04 04 19 55 18 2520 
04 04 19 55 38 2540 
04 04 19 55 57 2560 
04 04 19 56 17 2580 
04 04 19 56 54 2600 
04 04 19 57 13 2620 
04 04 19 57 33 2640 
04 04 19 57 53 2660 
04 04 19 58 12 2680 
04 04 19 58 47 2700 
04 04 19 59 07 2720 
04 04 19 59 27 2740 
04 04 19 59 46 2760 
04 04 20 00 06 2780 
04 04 20 00 44 2800 
04 04 20 01 04 2820 
04 04 20 01 23 2840 
04 04 20 01 43 2860 
04 04 20 02 03 2880 
04 04 20 02 41 2900 
04 04 20 03 01 2920 
04 04 20 03 20 2940 
04 04 20 03 40 2960 
04 04 20 04 00 2980 
04 04 20 04 26 3000 
04 04 20 04 46 3020 
04 04 20 05 06 3040 
04 04 20 05 26 3060 
04 04 20 05 45 3080 
04 04 20 06 12 3100 
04 04 20 06 32 3120 
04 04 20 06 51 3140 
04 04 20 07 12 3160 
04 04 20 07 31 3180 
04 04 20 07 58 3200 
04 04 20 08 18 3220 
04 04 20 08 38 3240 
04 04 20 08 58 3260 
04 04 20 09 17 3280 
04 04 20 09 44 3300 
04 04 20 10 04 3320 
04 04 20 10 25 3340 
04 04 20 10 46 3360 
04 04 20 11 08 3380 
04 04 20 11 36 3400 
04 04 20 11 57 3420 
04 04 20 12 19 3440 
04 04 20 12 41 3460 
04 04 20 13 03 3480 
04 04 20 13 32 3500 
04 04 20 13 53 3520 
04 04 20 14 14 3540 
04 04 20 14 36 3560 
04 04 20 14 59 3580 
04 04 20 16 00 3600 
04 04 20 16 24 3620 
04 04 20 16 46 3640 
04 04 20 17 07 3660 
04 04 20 17 31 3680 
04 04 20 18 28 3700 
04 04 20 18 50 3720 
04 04 20 19 12 3740 
04 04 20 19 34 3760 
04 04 20 19 57 3780 
04 04 20 21 02 3800 
04 04 20 21 24 3820 
04 04 20 21 45 3840 
04 04 20 22 08 3860 
04 04 20 22 30 3880 
04 04 20 23 27 3900 
04 04 20 23 49 3920 
04 04 20 24 11 3940 
04 04 20 24 32 3960 
04 04 20 24 52 3980 
04 04 20 26 38 4000
