02 14 13 51 47 0 
02 14 14 27 32 20 
02 14 15 08 35 40 
02 14 15 56 40 60 
02 14 16 44 44 80 
02 14 17 55 14 100 
02 14 18 45 12 120 
02 14 19 35 08 140 
02 14 20 20 04 160 
02 14 21 03 00 180 
02 14 22 02 30 200 
02 14 22 45 14 220 
02 14 23 27 48 240 
02 15 00 10 25 260 
02 15 00 53 09 280 
02 15 01 52 20 300 
02 15 02 35 04 320 
02 15 03 17 52 340 
02 15 04 00 45 360 
02 15 04 43 39 380 
02 15 05 43 06 400 
02 15 06 25 55 420 
02 15 07 08 45 440 
02 15 07 51 35 460 
02 15 08 34 28 480 
02 15 09 33 59 500 
02 15 10 16 53 520 
02 15 10 59 46 540 
02 15 11 42 44 560 
02 15 12 25 42 580 
02 15 13 25 20 600 
02 15 14 08 17 620 
02 15 14 51 16 640 
02 15 15 34 20 660 
02 15 16 17 22 680 
02 15 17 17 10 700 
02 15 18 00 12 720 
02 15 18 43 21 740 
02 15 19 26 32 760 
02 15 20 09 37 780 
02 15 21 09 27 800 
02 15 21 52 27 820 
02 15 22 35 37 840 
02 15 23 18 50 860 
02 16 00 01 58 880 
02 16 01 01 58 900 
02 16 01 45 07 920 
02 16 02 28 17 940 
02 16 03 11 29 960 
02 16 03 54 43 980 
02 16 04 37 11 1000
