02 16 10 54 34 0 
02 16 10 54 54 20 
02 16 10 55 14 40 
02 16 10 55 33 60 
02 16 10 55 53 80 
02 16 10 56 37 100 
02 16 10 56 57 120 
02 16 10 57 16 140 
02 16 10 57 36 160 
02 16 10 57 56 180 
02 16 10 58 33 200 
02 16 10 58 53 220 
02 16 10 59 12 240 
02 16 10 59 32 260 
02 16 10 59 52 280 
02 16 11 00 37 300 
02 16 11 00 57 320 
02 16 11 01 17 340 
02 16 11 01 37 360 
02 16 11 01 57 380 
02 16 11 02 41 400 
02 16 11 03 00 420 
02 16 11 03 20 440 
02 16 11 03 40 460 
02 16 11 04 00 480 
02 16 11 04 36 500 
02 16 11 04 56 520 
02 16 11 05 16 540 
02 16 11 05 36 560 
02 16 11 05 55 580 
02 16 11 06 30 600 
02 16 11 06 50 620 
02 16 11 07 09 640 
02 16 11 07 29 660 
02 16 11 07 49 680 
02 16 11 08 24 700 
02 16 11 08 44 720 
02 16 11 09 04 740 
02 16 11 09 24 760 
02 16 11 09 44 780 
02 16 11 10 22 800 
02 16 11 10 42 820 
02 16 11 11 02 840 
02 16 11 11 22 860 
02 16 11 11 41 880 
02 16 11 12 20 900 
02 16 11 12 40 920 
02 16 11 13 00 940 
02 16 11 13 20 960 
02 16 11 13 40 980 
02 16 11 14 10 1000
