02 16 11 31 25 0 
02 16 12 03 39 20 
02 16 12 35 34 40 
02 16 13 07 29 60 
02 16 13 39 23 80 
02 16 14 22 36 100 
02 16 14 54 31 120 
02 16 15 26 26 140 
02 16 15 58 21 160 
02 16 16 30 15 180 
02 16 17 13 28 200 
02 16 17 45 22 220 
02 16 18 17 17 240 
02 16 18 49 12 260 
02 16 19 21 07 280 
02 16 20 04 20 300 
02 16 20 36 14 320 
02 16 21 08 09 340 
02 16 21 40 04 360 
02 16 22 11 59 380 
02 16 22 55 11 400 
02 16 23 27 06 420 
02 16 23 59 01 440 
02 17 00 30 56 460 
02 17 01 02 51 480 
02 17 01 46 03 500 
02 17 02 17 58 520 
02 17 02 49 53 540 
02 17 03 21 49 560 
02 17 03 53 43 580 
02 17 04 36 56 600 
02 17 05 08 51 620 
02 17 05 40 45 640 
02 17 06 12 40 660 
02 17 06 44 35 680 
02 17 07 27 47 700 
02 17 07 59 42 720 
02 17 08 31 37 740 
02 17 09 03 32 760 
02 17 09 35 26 780 
02 17 10 18 39 800 
02 17 10 50 34 820 
02 17 11 22 29 840 
02 17 11 54 24 860 
02 17 12 26 19 880 
02 17 13 09 32 900 
02 17 13 41 26 920 
02 17 14 13 21 940 
02 17 14 45 16 960 
02 17 15 17 11 980 
02 17 15 48 28 1000
