02 20 20 08 21 0 
02 20 20 08 41 20 
02 20 20 09 01 40 
02 20 20 09 21 60 
02 20 20 09 40 80 
02 20 20 10 25 100 
02 20 20 10 44 120 
02 20 20 11 04 140 
02 20 20 11 23 160 
02 20 20 11 43 180 
02 20 20 12 19 200 
02 20 20 12 39 220 
02 20 20 12 59 240 
02 20 20 13 19 260 
02 20 20 13 39 280 
02 20 20 14 25 300 
02 20 20 14 45 320 
02 20 20 15 05 340 
02 20 20 15 24 360 
02 20 20 15 44 380 
02 20 20 16 28 400 
02 20 20 16 48 420 
02 20 20 17 07 440 
02 20 20 17 27 460 
02 20 20 17 47 480 
02 20 20 18 23 500 
02 20 20 18 43 520 
02 20 20 19 03 540 
02 20 20 19 23 560 
02 20 20 19 42 580 
02 20 20 20 17 600 
02 20 20 20 37 620 
02 20 20 20 56 640 
02 20 20 21 16 660 
02 20 20 21 36 680 
02 20 20 22 11 700 
02 20 20 22 31 720 
02 20 20 22 51 740 
02 20 20 23 10 760 
02 20 20 23 30 780 
02 20 20 24 08 800 
02 20 20 24 28 820 
02 20 20 24 48 840 
02 20 20 25 07 860 
02 20 20 25 27 880 
02 20 20 26 07 900 
02 20 20 26 26 920 
02 20 20 26 46 940 
02 20 20 27 06 960 
02 20 20 27 25 980 
02 20 20 27 53 1000
