02 20 20 45 54 0 
02 20 21 19 56 20 
02 20 21 53 48 40 
02 20 22 27 39 60 
02 20 23 01 30 80 
02 20 23 47 39 100 
02 21 00 21 30 120 
02 21 00 55 22 140 
02 21 01 29 13 160 
02 21 02 03 04 180 
02 21 02 49 14 200 
02 21 03 23 05 220 
02 21 03 56 56 240 
02 21 04 30 47 260 
02 21 05 04 39 280 
02 21 05 50 49 300 
02 21 06 24 40 320 
02 21 06 58 30 340 
02 21 07 32 22 360 
02 21 08 06 22 380 
02 21 08 53 03 400 
02 21 09 27 19 420 
02 21 10 01 48 440 
02 21 10 36 18 460 
02 21 11 10 58 480 
02 21 11 57 53 500 
02 21 12 32 02 520 
02 21 13 06 26 540 
02 21 13 40 35 560 
02 21 14 14 37 580 
02 21 15 00 58 600 
02 21 15 35 06 620 
02 21 16 09 14 640 
02 21 16 43 28 660 
02 21 17 17 47 680 
02 21 18 05 01 700 
02 21 18 39 23 720 
02 21 19 13 53 740 
02 21 19 48 27 760 
02 21 20 22 55 780 
02 21 21 10 18 800 
02 21 21 44 51 820 
02 21 22 19 27 840 
02 21 22 53 58 860 
02 21 23 28 38 880 
02 22 00 16 13 900 
02 22 00 51 17 920 
02 22 01 26 18 940 
02 22 02 01 40 960 
02 22 02 36 41 980 
02 22 03 24 35 1000 
02 22 03 59 40 1020 
02 22 04 34 12 1040 
02 22 05 08 44 1060 
02 22 05 43 29 1080 
02 22 06 31 03 1100 
02 22 07 05 41 1120 
02 22 07 40 37 1140 
02 22 08 15 50 1160 
02 22 08 51 08 1180 
02 22 09 38 51 1200 
02 22 10 13 34 1220 
02 22 10 48 42 1240 
02 22 11 23 33 1260 
02 22 11 58 27 1280 
02 22 12 46 17 1300 
02 22 13 21 19 1320 
02 22 13 56 20 1340 
02 22 14 31 26 1360 
02 22 15 06 40 1380 
02 22 15 54 40 1400 
02 22 16 29 48 1420 
02 22 17 05 38 1440 
02 22 17 41 14 1460 
02 22 18 16 42 1480 
02 22 19 05 41 1500 
02 22 19 41 21 1520 
02 22 20 16 49 1540 
02 22 20 52 19 1560 
02 22 21 27 51 1580 
02 22 22 16 46 1600 
02 22 22 52 32 1620 
02 22 23 28 03 1640 
02 23 00 03 44 1660 
02 23 00 39 25 1680 
02 23 01 28 53 1700 
02 23 02 04 59 1720 
02 23 02 41 04 1740 
02 23 03 16 55 1760 
02 23 03 52 59 1780 
02 23 04 42 11 1800 
02 23 05 18 10 1820 
02 23 05 54 20 1840 
02 23 06 30 09 1860 
02 23 07 05 49 1880 
02 23 07 54 58 1900 
02 23 08 30 53 1920 
02 23 09 07 04 1940 
02 23 09 43 06 1960 
02 23 10 18 48 1980 
02 23 10 53 58 2000
