02 23 11 39 10 0 
02 23 11 39 30 20 
02 23 11 39 50 40 
02 23 11 40 10 60 
02 23 11 40 29 80 
02 23 11 41 14 100 
02 23 11 41 33 120 
02 23 11 41 53 140 
02 23 11 42 13 160 
02 23 11 42 33 180 
02 23 11 43 09 200 
02 23 11 43 29 220 
02 23 11 43 48 240 
02 23 11 44 08 260 
02 23 11 44 28 280 
02 23 11 45 16 300 
02 23 11 45 36 320 
02 23 11 45 56 340 
02 23 11 46 15 360 
02 23 11 46 35 380 
02 23 11 47 18 400 
02 23 11 47 38 420 
02 23 11 47 58 440 
02 23 11 48 18 460 
02 23 11 48 37 480 
02 23 11 49 14 500 
02 23 11 49 34 520 
02 23 11 49 54 540 
02 23 11 50 14 560 
02 23 11 50 33 580 
02 23 11 51 08 600 
02 23 11 51 28 620 
02 23 11 51 47 640 
02 23 11 52 07 660 
02 23 11 52 27 680 
02 23 11 53 02 700 
02 23 11 53 22 720 
02 23 11 53 42 740 
02 23 11 54 02 760 
02 23 11 54 22 780 
02 23 11 55 00 800 
02 23 11 55 20 820 
02 23 11 55 40 840 
02 23 11 55 59 860 
02 23 11 56 19 880 
02 23 11 56 59 900 
02 23 11 57 19 920 
02 23 11 57 39 940 
02 23 11 57 59 960 
02 23 11 58 19 980 
02 23 11 58 46 1000 
02 23 11 59 05 1020 
02 23 11 59 25 1040 
02 23 11 59 45 1060 
02 23 12 00 05 1080 
02 23 12 00 49 1100 
02 23 12 01 09 1120 
02 23 12 01 29 1140 
02 23 12 01 48 1160 
02 23 12 02 08 1180 
02 23 12 02 44 1200 
02 23 12 03 04 1220 
02 23 12 03 23 1240 
02 23 12 03 43 1260 
02 23 12 04 03 1280 
02 23 12 04 43 1300 
02 23 12 05 03 1320 
02 23 12 05 23 1340 
02 23 12 05 43 1360 
02 23 12 06 03 1380 
02 23 12 06 46 1400 
02 23 12 07 05 1420 
02 23 12 07 25 1440 
02 23 12 07 45 1460 
02 23 12 08 05 1480 
02 23 12 08 42 1500 
02 23 12 09 02 1520 
02 23 12 09 22 1540 
02 23 12 09 41 1560 
02 23 12 10 01 1580 
02 23 12 10 36 1600 
02 23 12 10 55 1620 
02 23 12 11 15 1640 
02 23 12 11 35 1660 
02 23 12 11 55 1680 
02 23 12 12 30 1700 
02 23 12 12 49 1720 
02 23 12 13 09 1740 
02 23 12 13 29 1760 
02 23 12 13 49 1780 
02 23 12 14 26 1800 
02 23 12 14 46 1820 
02 23 12 15 06 1840 
02 23 12 15 26 1860 
02 23 12 15 45 1880 
02 23 12 16 25 1900 
02 23 12 16 45 1920 
02 23 12 17 05 1940 
02 23 12 17 24 1960 
02 23 12 17 44 1980 
02 23 12 18 11 2000
