02 28 22 32 57 0 
02 28 23 11 31 20 
02 28 23 46 14 40 
03 01 00 18 07 60 
03 01 00 50 01 80 
03 01 01 33 12 100 
03 01 02 05 05 120 
03 01 02 36 59 140 
03 01 03 08 53 160 
03 01 03 40 47 180 
03 01 04 23 58 200 
03 01 04 55 52 220 
03 01 05 27 45 240 
03 01 05 59 39 260 
03 01 06 31 32 280 
03 01 07 14 44 300 
03 01 07 46 38 320 
03 01 08 18 32 340 
03 01 08 50 27 360 
03 01 09 22 20 380 
03 01 10 05 32 400 
03 01 10 37 26 420 
03 01 11 09 19 440 
03 01 11 41 13 460 
03 01 12 13 08 480 
03 01 12 56 20 500 
03 01 13 28 14 520 
03 01 14 00 07 540 
03 01 14 32 01 560 
03 01 15 03 55 580 
03 01 15 47 06 600 
03 01 16 19 01 620 
03 01 16 50 55 640 
03 01 17 22 49 660 
03 01 17 54 43 680 
03 01 18 37 54 700 
03 01 19 09 48 720 
03 01 19 41 42 740 
03 01 20 13 37 760 
03 01 20 45 31 780 
03 01 21 28 44 800 
03 01 22 00 39 820 
03 01 22 32 36 840 
03 01 23 04 31 860 
03 01 23 36 27 880 
03 02 00 19 39 900 
03 02 00 51 34 920 
03 02 01 23 28 940 
03 02 01 55 23 960 
03 02 02 27 17 980 
03 02 03 10 30 1000 
03 02 03 42 24 1020 
03 02 04 14 18 1040 
03 02 04 46 13 1060 
03 02 05 18 07 1080 
03 02 06 01 19 1100 
03 02 06 33 14 1120 
03 02 07 05 08 1140 
03 02 07 37 03 1160 
03 02 08 08 57 1180 
03 02 08 52 10 1200 
03 02 09 24 04 1220 
03 02 09 55 58 1240 
03 02 10 27 53 1260 
03 02 10 59 47 1280 
03 02 11 42 59 1300 
03 02 12 14 53 1320 
03 02 12 46 48 1340 
03 02 13 18 42 1360 
03 02 13 50 37 1380 
03 02 14 33 49 1400 
03 02 15 05 44 1420 
03 02 15 37 38 1440 
03 02 16 09 33 1460 
03 02 16 41 27 1480 
03 02 17 24 40 1500 
03 02 17 56 34 1520 
03 02 18 28 28 1540 
03 02 19 00 23 1560 
03 02 19 32 17 1580 
03 02 20 15 30 1600 
03 02 20 47 24 1620 
03 02 21 19 18 1640 
03 02 21 51 13 1660 
03 02 22 23 07 1680 
03 02 23 06 20 1700 
03 02 23 38 14 1720 
03 03 00 10 08 1740 
03 03 00 42 03 1760 
03 03 01 13 57 1780 
03 03 01 57 09 1800 
03 03 02 29 04 1820 
03 03 03 00 58 1840 
03 03 03 32 53 1860 
03 03 04 04 47 1880 
03 03 04 47 59 1900 
03 03 05 19 54 1920 
03 03 05 51 48 1940 
03 03 06 23 43 1960 
03 03 06 55 37 1980 
03 03 07 27 03 2000
